30	21
100.9967	721.785088
101.9389	1415.650904
102.9184	3200.898565
103.9080	27962.938665
105.0371	2504.292352
105.9507	8076.538162
107.0077	2501.607353
108.0047	2162.114033
109.0901	2489.391532
110.0877	3762.825965
110.9982	4596.250076
112.0424	1942.909549
112.9480	2263.247051
113.9161	759.852883
115.0027	952.728225
115.9987	556.150799
117.0123	674.530499
118.0132	701.779043
119.0495	1066.081228
119.9939	4640.250526
121.0141	2286.692921
121.9829	3311.084413
123.0875	1773.135395
124.0509	1554.063940
125.0438	1667.882454
126.0132	869.663534
127.0894	777.410688
128.0544	654.929322
129.0539	635.473709
129.9542	1332.336636
131.0137	1066.360928
131.9960	1909.195014
133.0102	1603.057454
134.0476	1327.700149
135.0979	1255.074275
136.0571	1712.801185
137.0551	1926.826232
138.0507	1619.425265
139.0509	1476.267304
140.0507	1678.372709
140.9564	2915.746245
142.0504	520.374896
143.0074	851.999172
144.0431	1020.556067
145.0459	981.115303
146.0513	982.687862
147.0538	976.978391
148.0553	1599.485392
149.0552	1359.744920
150.0619	1430.419022
151.0578	1220.367366
152.0581	1157.593498
153.0544	1145.477092
154.0505	867.143431
155.0937	802.698043
156.0127	634.597731
156.9613	1647.738361
158.0022	1118.890682
159.0465	1017.137263
160.0551	815.954131
161.0446	1235.341691
162.0556	991.762865
163.0576	902.164550
164.0570	1047.826059
165.0600	1055.378330
166.0584	676.836867
167.0567	995.443762
168.0461	1053.876986
169.0520	829.835050
170.0547	660.471926
171.0542	678.365352
172.0532	723.404131
173.0545	691.360594
174.0495	953.477183
175.0506	1770.817724
176.0591	1085.749333
177.0575	941.112073
178.0604	956.936067
179.0926	794.377354
180.0069	1063.498677
181.0566	963.257154
182.0580	553.824579
183.1034	581.250424
184.0565	623.121990
185.0568	758.402075
186.0584	756.761004
187.0509	814.642172
188.0568	737.114234
189.0580	734.614907
190.0559	685.608737
191.0956	762.450682
192.0598	910.738248
193.0621	970.985385
194.0606	632.462650
195.1017	697.798499
196.0586	530.409833
197.0514	554.655881
198.0565	506.621792
199.0547	540.994955
200.0567	703.409411
201.0551	537.051810
202.0604	726.707269
203.0599	660.646552
204.0572	646.745620
205.0661	669.910178
206.0558	520.290724
207.0958	603.425912
208.0921	537.622461
209.1063	582.600539
210.0958	505.040318
211.1025	552.956103
212.0574	531.234006
213.0462	634.589265
214.0525	576.597373
215.0593	599.162584
216.0921	656.814317
217.1001	529.541949
218.0911	450.295068
219.1443	925.944392
220.0943	468.128362
221.1401	818.916754
222.0985	546.904355
223.1007	615.308556
224.1010	623.935195
225.0600	499.789825
226.1000	514.493484
227.0943	532.647603
228.0550	533.835712
229.0561	455.770263
230.0932	402.127549
231.0957	487.693108
232.1401	419.195240
233.1009	451.859435
234.1047	428.326007
235.1363	594.121803
236.1013	534.731846
237.1135	623.413500
238.1028	474.652654
239.1597	1469.116567
240.1085	670.989945
241.0994	472.567393
242.1507	551.569310
243.1448	449.100836
244.1051	376.611399
245.1382	348.392624
246.0935	358.111346
247.1129	417.137252
248.1100	467.759748
249.1401	507.807221
250.1022	512.132778
251.1432	571.411251
252.1094	501.656633
253.1028	492.660405
254.1005	369.702883
255.0961	308.434300
256.0985	315.410116
257.1123	356.340436
258.1107	339.925817
259.2349	1064.090179
260.1515	489.989078
261.1494	555.235446
262.1102	515.641122
263.1174	510.264951
264.0955	583.108402
265.2043	1286.350079
266.1503	578.895562
267.2418	5456.630145
268.1975	1150.085779
269.1100	493.194294
270.0995	338.928034
271.1837	428.037957
272.1091	350.398862
273.1039	379.811137
274.1010	404.793301
275.1111	408.998916
276.1078	669.363185
277.1977	662.690236
278.1488	477.201671
279.1538	458.509261
280.1091	356.767673
281.1559	402.981276
282.1480	334.743523
283.1054	268.353447
284.1423	271.587491
285.1920	285.318988
286.1104	345.019271
287.1049	378.249355
288.1090	476.294576
289.1122	466.879881
290.1476	468.462415
291.1947	648.989260
292.1855	413.444740
293.2558	7734.273638
294.2124	1831.993003
295.2566	4456.151071
296.1985	1086.007465
297.1920	639.271132
298.1128	447.722804
299.1924	417.935225
300.1388	352.220810
301.1487	356.377150
302.1435	363.312901
303.1994	420.192237
304.1934	461.211699
305.2126	553.531607
306.1962	408.139642
307.2461	690.707601
308.1955	346.653086
309.2034	382.533065
310.1497	275.562190
311.1946	333.404130
312.1457	336.737634
313.1648	363.194913
314.0982	356.001696
315.1448	349.773502
316.1504	352.213388
317.2106	581.644056
318.2055	465.609871
319.2607	2258.983542
320.2093	672.002279
321.2998	5610.974623
322.2521	1377.517356
323.2111	752.149325
324.1928	455.134284
325.2101	546.251836
326.1497	360.626747
327.1539	323.973266
328.1862	298.442336
329.1441	256.951680
330.1114	267.891939
331.1913	337.518331
332.1898	299.143875
333.2075	305.992246
334.1909	264.906118
335.2049	332.310100
336.1914	266.386831
337.1938	291.384031
338.1444	243.546215
339.1951	296.088422
340.1883	251.168804
341.1989	314.409053
342.1545	249.019951
343.1910	288.859501
344.1916	290.034310
345.1547	276.488774
346.1556	287.254957
347.1963	295.780264
348.1937	281.423455
349.3078	713.798265
350.2019	362.518285
351.2105	518.607071
352.1536	314.838353
353.1967	317.275508
354.1892	265.277312
355.1933	238.497593
356.1926	224.386535
357.1976	255.402826
358.1962	245.609430
359.2112	306.536487
360.1893	242.236931
361.1885	230.738573
362.1893	235.120187
363.1950	242.867917
364.1877	237.641898
365.2063	292.601868
366.1927	237.863883
367.1946	225.403611
368.1921	310.771445
369.2000	280.433187
370.1959	244.641532
371.1455	208.490817
372.1934	202.631250
373.1971	238.339246
374.1998	224.106633
375.2073	280.208549
376.2331	291.635931
377.2829	353.157907
378.2063	274.673280
379.2473	356.610132
380.1983	224.993013
381.2089	238.595883
382.1931	178.923750
383.1891	203.811291
384.1975	207.888228
385.1951	241.057656
386.1910	239.754588
387.1938	215.163014
388.1960	214.967103
389.1945	255.808947
390.2047	240.555144
391.2496	225.032595
392.2486	213.638924
393.2056	201.016530
394.2449	165.236623
395.2432	163.931787
396.2106	196.234503
397.2102	175.229709
398.2333	155.340974
399.1893	168.862398
400.1928	176.018983
401.1939	185.649399
402.2001	196.054178
403.2015	207.380214
404.2076	189.905393
405.2559	218.766261
406.2116	191.985255
407.2935	204.516820
408.1979	186.311499
409.2027	188.669814
410.1963	171.908770
411.2092	195.681043
412.1892	175.905110
413.2352	158.128486
414.2113	167.956455
415.1989	176.280873
416.1995	177.478647
417.2558	198.366552
418.2821	195.998244
419.2444	229.669417
420.2051	176.820238
421.2893	206.869559
422.2864	162.321352
423.2003	181.064246
424.2018	186.488650
425.2008	177.344010
426.2049	170.737180
427.2038	162.470421
428.2414	149.911761
429.2475	189.998594
430.2456	170.296031
431.2099	145.124755
432.2432	164.518811
433.2477	164.239272
434.1968	139.786014
435.2472	166.171504
436.2064	162.700615
437.2466	168.386932
438.2423	150.473559
439.2433	172.900943
440.2483	129.214702
441.1993	138.119743
442.2386	142.186213
443.2140	151.761615
444.2480	159.784009
445.2067	197.866953
446.2608	146.252002
447.2109	155.583905
448.2460	145.820506
449.2943	154.210502
450.2559	132.170572
451.2852	151.398593
452.2811	140.479642
453.2907	143.016883
454.2567	133.066420
455.2462	114.421592
456.2489	114.483973
457.2867	153.769654
458.2799	139.622243
459.2427	116.460930
460.2571	119.785621
461.2916	153.729687
462.2915	135.337078
463.2931	144.988818
464.2872	127.215384
465.3046	195.486324
466.2542	147.750371
467.4484	246.860487
468.3584	152.318519
469.2521	130.558434
470.2426	106.417942
471.2378	115.411309
472.2597	113.781285
473.2973	116.862338
474.2967	136.533308
475.2575	132.506916
476.2956	135.224913
477.2950	127.675798
478.2928	117.656629
479.3032	103.486223
480.2945	101.198715
481.2900	96.056339
482.2552	118.428054
483.2955	109.789969
484.2481	112.628045
485.2464	131.128031
486.2470	121.332642
487.3054	116.828874
488.2898	122.060609
489.2958	118.116153
490.2595	140.455732
491.3408	149.539912
492.3480	126.681628
493.4919	181.282757
494.3222	146.831299
495.5525	396.271405
496.4537	201.114571
497.3316	165.292406
498.2167	118.705435
499.2932	128.922497
500.2851	113.266369
501.2541	114.676102
502.3038	130.065563
503.5359	530.089606
504.4145	225.766303
505.3565	171.696791
506.3052	114.810688
507.3517	111.834132
508.2874	110.789369
509.3011	107.662831
510.3142	119.189173
511.2931	157.563508
512.2548	130.413140
513.2985	186.335546
514.2880	145.064443
515.2925	121.812917
516.2941	116.558802
517.3119	121.397100
518.3518	136.454489
519.4079	150.355127
520.3543	107.668451
521.5613	533.482072
522.5496	238.154952
523.5149	428.671007
524.4642	211.989164
525.3562	122.685509
526.2507	107.842722
527.3909	103.137704
528.3410	116.948124
529.3591	105.670667
530.3598	107.013107
531.3011	115.467707
532.2190	112.133146
533.3386	96.694555
534.3801	91.912235
535.3060	121.926731
536.3439	134.431846
537.3399	113.061644
538.2857	125.207592
539.2526	121.131192
540.2923	107.976485
541.3095	116.867521
542.3523	101.653782
543.5027	178.626493
544.4922	125.300826
545.5004	262.047800
546.4047	149.630453
547.5944	316.771391
548.5056	169.632195
549.6381	709.299777
550.6019	339.812731
551.5182	371.115701
552.4935	168.242002
553.4053	147.385896
554.3344	112.287165
555.4009	167.821352
556.4339	109.849974
557.3006	101.450114
558.3472	115.808941
559.3575	116.611470
560.3547	105.980104
561.4720	105.468022
562.3910	115.862869
563.2861	112.594030
564.4268	108.070575
565.3959	103.900517
566.2586	94.196027
567.2543	93.802224
568.3007	94.389427
569.4257	95.605701
570.3997	88.296269
571.4692	110.690344
572.4660	103.519766
573.5018	128.822616
574.4679	93.716759
575.6071	225.462788
576.5172	139.602897
577.6016	478.486094
578.6003	244.407598
579.5460	215.266166
580.4496	112.336453
581.4022	104.334697
582.3887	85.986833
583.4220	95.435281
584.3932	95.596510
585.3185	91.683738
586.3982	89.267526
587.4076	112.968711
588.4453	111.907525
589.4091	105.465256
591.3665	101.679251
593.3884	87.890950
601.4922	94.705430
603.5070	170.783262
604.4955	114.235402
605.5562	333.238081
606.5113	149.561952
607.4234	102.734280
609.4076	80.849027
610.4981	90.963092
611.4985	82.538855
614.4181	82.521332
615.4628	81.863715
631.5576	114.829390
633.5968	152.152638
634.4752	87.999013
638.6547	197.053710
639.6520	105.227796
666.6578	80.764062
705.7324	592.096259
706.7361	291.623617
707.6597	119.883782
715.6471	80.718000
717.7546	216.583877
718.7882	127.881466
719.7432	89.242925
731.7404	506.541990
732.7441	284.413393
733.7446	2012.176112
734.7487	991.986760
735.7405	431.416328
736.6888	126.492238
739.8302	103.048703
740.7589	98.249008
741.7480	162.240738
742.6892	104.760737
743.7932	267.344527
744.8366	162.005630
745.7979	269.328038
746.7906	170.611789
747.7035	156.013979
748.6656	92.073136
757.7153	239.231993
758.7478	161.268765
759.7496	1809.606250
760.7558	1008.553074
761.7545	2218.660762
762.7620	1108.553563
763.7530	482.712949
764.7040	148.576957
767.2184	114.758458
768.7917	119.714434
769.9138	210.872721
770.7917	156.762838
771.8471	567.144051
772.8106	351.678924
773.8024	280.110267
774.7987	144.416712
775.7466	132.302077
776.7478	93.132703
777.6088	81.046380
778.5540	85.292773
779.2087	93.804223
779.6960	95.000865
780.5468	97.802656
781.9483	86.843321
783.6237	138.973185
784.6839	108.543353
785.7630	1041.687790
786.7999	635.742937
787.7631	4141.315243
788.8360	2336.284682
789.8000	1475.860365
790.7667	676.494212
791.7530	261.032499
792.6409	153.138126
793.4707	163.194753
794.1641	186.193688
795.5040	212.095051
796.9316	204.184502
797.8146	570.963929
798.8487	382.868493
799.8558	1074.992685
800.8929	610.025669
801.8031	419.019648
802.7241	228.332007
803.7614	177.931568
804.7980	135.036261
805.6995	121.774281
806.5000	128.923161
807.5057	128.200586
808.2476	126.780974
809.0022	127.621784
809.8208	146.215327
810.8215	140.765184
811.8000	518.172963
812.8526	385.884423
813.8013	3285.442345
814.8468	1971.214691
815.8434	5858.178240
816.8451	3589.891058
817.8413	1776.863264
818.8452	677.011228
819.7463	328.484317
820.6553	228.103944
821.5461	244.719659
822.3989	229.593647
823.1549	210.858488
823.9391	291.903890
824.8668	261.379217
825.8952	702.324430
826.8917	480.092421
827.8937	818.014483
828.8973	478.250056
829.8133	428.542024
830.8862	246.607135
831.8514	162.615837
832.7557	135.402085
833.6332	121.533789
834.6145	125.428005
835.7755	124.750119
836.8508	105.117906
837.7692	271.725214
838.9079	191.387712
839.8485	1185.182322
840.8866	788.038306
841.8530	3825.848910
842.8569	2339.640148
843.8560	4267.418527
844.8583	2412.417834
845.8587	1122.396737
846.8486	471.733550
847.7977	220.615945
848.6494	155.407999
849.6033	126.953607
850.4825	120.792952
851.8511	167.145878
852.9646	134.901658
853.9105	390.409930
854.9840	273.381203
855.9056	334.171597
856.9067	223.515668
857.8895	242.946414
858.8974	147.000506
859.8951	101.104131
865.8482	238.585313
866.9004	173.508845
867.8625	848.830235
868.9040	560.609292
869.8643	1967.043591
870.8968	1183.537487
871.8671	1205.973407
872.9343	615.856224
873.8978	264.540865
874.8511	103.008036
881.9536	113.110111
883.9095	87.681704
895.8983	196.058287
896.9096	126.684135
897.9457	346.100091
898.9451	204.354285
899.9458	134.353288
