26	19
100.3030	1276.204632
102.1728	5182.969999
103.0921	5252.052713
104.0537	25777.350749
105.2193	4896.821244
106.1037	12025.632997
107.0014	3122.034119
108.1583	2369.088706
109.0264	2373.042089
110.2542	2425.811255
111.2068	1856.158926
112.2007	1233.069433
113.1086	1489.816159
114.1956	759.410433
115.2179	906.313489
116.2439	635.183961
117.1837	752.882801
118.1485	854.022928
119.1554	1052.110438
120.1457	6393.941331
121.2059	1496.882837
122.1946	2366.054154
123.2459	1198.544628
124.2534	1337.503337
125.1918	1478.132269
126.2050	707.243108
127.2135	818.731645
128.2440	770.005792
129.2118	671.486616
130.1522	681.704946
131.2439	828.776653
132.1553	924.374393
133.2447	848.250598
134.2152	752.755940
135.2517	864.882628
136.2138	1227.920338
137.2464	1187.508513
138.2439	1259.104512
139.2497	1046.703635
140.2521	1425.066820
141.0994	4408.426358
141.7043	497.220209
142.2390	657.107473
143.1056	1035.981988
144.1943	721.427368
145.2474	1102.336314
146.2491	661.030988
147.2492	619.942202
148.2840	902.442596
149.2472	899.495657
150.2549	1103.858714
151.2838	921.876166
152.2520	833.678065
153.2852	982.658707
154.2513	681.702747
155.2562	624.466237
156.1309	482.037479
157.1003	1610.051329
158.1647	708.955235
159.1942	1048.466959
160.2495	531.960144
161.2099	681.178127
162.2443	641.046150
163.2445	675.669869
164.2129	850.659436
165.2873	801.864316
166.2895	640.755717
167.2859	676.470444
168.2100	676.963885
169.2421	604.085549
170.2821	437.562788
171.2120	432.643885
172.2822	442.788044
173.2485	469.170520
174.2451	572.746978
175.1663	2480.741079
176.2833	814.120349
177.2089	930.384036
178.2564	886.544898
179.2868	693.771528
180.2465	676.110584
181.2824	693.784669
182.2563	459.319554
183.2587	422.541775
184.2518	427.359621
185.2019	497.886730
186.2083	445.169942
187.2077	470.620713
188.2497	524.303408
189.2188	552.467806
190.2526	506.210955
191.2564	743.850945
192.2584	966.222342
193.2528	896.753691
194.2199	544.123413
195.2886	525.732730
196.2517	484.770644
197.1603	542.635241
198.2495	367.153273
199.2413	366.598110
200.2568	376.120990
201.2473	437.362296
202.2497	534.442111
203.2909	605.305686
204.2562	702.841327
205.2534	582.903609
206.2867	478.227166
207.2897	604.944109
208.2890	579.573232
209.2973	513.779696
210.2915	431.091093
211.2619	354.596924
212.2491	363.541636
213.1502	514.009098
214.1153	397.845580
215.2463	440.085434
216.1255	536.561082
217.2178	522.637389
218.1780	485.282089
219.2592	2184.187773
220.2935	569.976246
221.2956	835.552324
222.2901	459.243896
223.2943	510.249945
224.2577	581.028652
225.2597	337.255482
226.2578	454.143033
227.2519	330.477184
228.2185	403.881164
229.2547	351.489635
230.2537	389.497895
231.2536	463.640464
232.2915	461.279293
233.2955	461.909308
234.2893	494.695425
235.2914	471.218105
236.2886	487.406919
237.2938	462.054907
238.3000	410.145891
239.3059	591.699596
240.2889	404.782427
241.2525	343.218736
242.2600	670.132737
243.2891	415.486372
244.2559	602.362667
245.2912	466.717494
246.2940	487.318293
247.2968	475.102167
248.2931	436.031970
249.3007	457.811929
250.2979	474.446526
251.2610	416.607911
252.3036	457.617924
253.2145	360.415226
254.2554	298.520197
255.2252	286.298374
256.2543	271.067890
257.2954	323.345736
258.3003	351.118402
259.3401	1109.403933
260.3013	577.290951
261.3059	596.790471
262.2972	455.930841
263.2991	460.888246
264.2227	443.199058
265.3511	574.424694
266.3039	430.529989
267.3577	1436.068758
268.3112	461.574690
269.2592	317.349916
270.2588	251.568091
271.2973	283.633030
272.2506	257.946152
273.2901	257.458191
274.3012	266.659686
275.2987	369.192944
276.2916	364.066114
277.3100	419.550421
278.3046	359.734452
279.3074	350.137691
280.3011	333.290501
281.2984	301.336332
282.2922	271.176339
283.2973	260.218072
284.2973	255.665717
285.3000	240.641612
286.2578	259.913312
287.2977	288.852901
288.2979	303.059811
289.2976	330.976419
290.3021	365.128910
291.3038	415.992036
292.3070	416.915097
293.3685	2519.434280
294.3517	693.718286
295.3999	1533.576901
296.3122	439.384491
297.3085	299.895607
298.2926	249.278129
299.2940	241.071243
300.2964	223.984155
301.3016	242.755120
302.3037	328.401705
303.3876	334.772739
304.3145	389.770944
305.3541	464.847883
306.3117	344.536386
307.3457	649.792221
308.3136	328.263601
309.3156	334.936948
310.3420	211.409822
311.3371	210.141717
312.3372	193.843096
313.3356	248.461969
314.3059	238.018758
315.2951	269.710778
316.3104	309.554288
317.3970	626.308506
318.3474	415.304475
319.4402	2140.881909
320.3939	727.925968
321.4436	2629.096585
322.3935	712.042571
323.3873	502.691499
324.3005	263.593388
325.3085	271.367211
326.2574	225.248388
327.2976	209.605328
328.2982	207.767298
329.2992	204.356898
330.2981	240.538167
331.3143	318.906684
332.3104	275.517873
333.3579	440.408659
334.3050	306.805468
335.3940	472.183030
336.3474	272.526746
337.3878	308.538643
338.3828	227.701558
339.3839	244.849621
340.2948	213.002865
341.3922	284.347503
342.3108	245.574774
343.3498	205.271850
344.3448	240.442981
345.3438	242.700389
346.3120	242.747460
347.3510	302.641350
348.3142	245.234782
349.4566	1042.227357
350.3983	410.820774
351.3512	703.241921
352.3107	313.060544
353.3478	253.136856
354.3482	192.895252
355.3418	207.092863
356.3347	177.584699
357.3166	258.200745
358.3109	251.535652
359.3498	323.402667
360.3899	223.126872
361.3138	256.416929
362.3482	246.568264
363.3516	332.414453
364.3088	221.713131
365.3891	343.770184
366.3143	236.998567
367.4000	317.571338
368.3117	257.965176
369.3581	215.707672
370.3448	185.463838
371.3541	175.104834
372.3532	168.732475
373.3499	167.079208
374.3477	158.671691
375.3837	224.027314
376.3490	199.542126
377.3548	294.153231
378.3872	209.268993
379.3603	457.996458
380.3460	254.229962
381.3394	296.655317
382.3440	160.601347
383.3457	147.235133
384.3421	158.295335
385.3027	172.721865
386.3098	189.374700
387.3152	195.824204
388.3517	197.572565
389.3146	245.643333
390.3451	191.165832
391.3531	292.194915
392.3470	203.644979
393.4017	279.410396
394.4330	181.830969
395.4083	222.617097
396.3958	186.363285
397.3507	168.627286
398.3468	136.094808
399.3452	144.363272
400.3450	138.802285
401.3517	162.126978
402.3498	171.822977
403.3955	232.513547
404.3508	188.186620
405.3949	260.743805
406.3829	198.266122
407.4395	284.038092
408.3922	184.467617
409.3998	193.050338
410.3528	144.340028
411.3951	171.717581
412.3753	127.004041
413.3563	145.329003
414.3085	150.754049
415.3544	126.726536
416.3904	117.024342
417.3875	165.468420
418.3881	154.440684
419.3566	408.254156
420.3828	198.484324
421.3546	278.181524
422.3876	175.344387
423.3536	147.325889
424.3854	139.265071
425.3483	124.767415
426.3511	116.601868
427.3502	190.198331
428.3506	135.985646
429.3973	196.935492
430.3580	145.794982
431.3929	159.868183
432.3951	158.345983
433.4014	169.514306
434.3985	158.769774
435.3967	170.144082
436.3894	163.562127
437.3898	164.501287
438.3956	141.510613
439.4364	127.815006
440.3587	112.621473
441.3852	136.217544
442.3524	108.221644
443.3859	127.777061
444.3536	128.650649
445.3497	325.216222
446.3879	195.007949
447.3837	165.998912
448.4389	143.309031
449.3985	158.788357
450.3984	137.444940
451.4406	123.317066
452.3909	100.547211
453.3554	140.552829
454.3549	113.377584
455.3508	138.292553
456.3602	103.155833
457.3980	148.386758
458.3912	120.515942
459.4004	135.309007
460.3924	141.744389
461.4004	144.335947
462.4005	149.407562
463.4046	157.162343
464.4063	146.109214
465.4475	231.350855
466.3938	132.151292
467.4566	176.812455
468.4013	119.796982
469.4331	107.984123
470.4081	106.404678
471.3604	122.118918
472.3565	111.890107
473.3632	119.050861
474.3950	125.683518
475.4033	132.103783
476.4388	124.945993
477.4450	137.159637
478.3545	109.435019
479.4377	121.669013
480.4383	97.375490
481.3946	91.798291
482.3611	102.768706
483.3942	112.071446
484.3965	106.848988
485.4354	115.717386
486.4398	114.165324
487.4441	120.015784
488.4384	105.869264
489.4478	125.550600
490.4476	127.748482
491.4490	142.232524
492.4454	119.383434
493.4490	158.643956
494.4439	131.993587
495.5500	157.625353
496.4528	119.529716
497.4013	122.896693
498.3967	107.319468
499.4046	96.537919
500.3991	119.167645
501.3589	117.195666
502.4547	113.812676
503.6414	686.144328
504.5945	287.291915
505.4994	211.072054
506.4466	121.526048
507.4869	109.317126
508.4532	100.682888
509.4007	93.755502
510.4458	93.938128
511.3923	196.218469
512.3977	138.695014
513.4029	250.641021
514.3999	152.430700
515.4564	134.775208
516.4525	106.109995
517.5052	134.592497
518.5002	122.341875
519.4572	147.084990
520.4542	114.930218
521.5607	192.168052
522.5023	129.075887
523.5900	346.128778
524.5399	174.550278
525.4978	113.580478
526.4111	100.478454
527.4117	107.325245
528.4046	108.182851
529.4469	94.651998
530.4424	96.183645
531.4955	113.557878
532.4575	99.832424
533.5544	159.275731
534.4969	110.266249
535.5332	128.274345
536.4435	102.214837
537.4508	92.233484
538.4534	92.132909
539.4840	90.485532
540.4611	94.793051
541.4584	100.041938
542.4885	93.811633
543.5663	170.195947
544.5507	131.505654
545.5985	220.066171
546.5847	142.650013
547.5914	154.186247
548.5357	133.857008
549.6091	337.970780
550.5966	188.307564
551.6090	337.616151
552.5572	170.458833
553.5025	164.553558
554.4473	122.545145
555.4936	183.854289
556.4947	126.010278
557.4872	127.797402
558.5369	102.383139
559.5555	139.237686
560.5390	106.735935
561.5979	150.967347
562.5549	101.290833
563.5610	101.414237
564.4971	88.240005
565.5003	88.632626
566.5331	81.451540
569.5427	93.399025
570.5499	90.874987
571.6769	103.995595
572.5460	86.589703
573.5521	115.803857
574.5480	95.740704
575.6411	178.882551
576.5909	129.895479
577.6555	524.087879
578.6152	260.205046
579.6120	253.206750
580.5565	137.398741
581.5501	116.700449
582.4312	82.551110
583.5008	96.363234
584.5402	82.607853
585.5423	94.296521
586.4154	81.107018
587.6364	142.509663
588.5836	97.684177
589.5945	109.463084
590.5040	86.424599
591.5517	105.527460
601.5166	83.580664
603.6457	292.600814
604.6034	159.055877
605.6924	505.696300
606.6567	243.120112
607.6481	165.269576
615.5664	81.195312
617.6057	82.336609
629.6404	92.542985
630.5515	97.242503
631.6991	246.584742
632.6105	121.956465
633.7014	246.666093
634.6931	100.431295
648.4928	116.134694
703.7529	108.903660
704.7042	98.251849
705.7997	879.958915
706.8042	402.711101
707.7916	157.216479
717.7971	165.439346
718.8042	85.898377
731.8120	731.041536
732.8404	422.307292
733.8470	2782.103427
734.8500	1372.538906
735.8147	593.405946
736.7976	175.254462
739.8893	110.341026
740.8608	93.899773
741.8437	115.776436
742.7995	86.318086
743.8148	162.893699
744.7177	105.745426
745.8539	187.132239
746.8506	105.796259
747.8008	134.073562
757.8512	304.903334
758.8126	227.108982
759.8877	2497.006122
760.8895	1425.341695
761.8899	2870.879488
762.8951	1441.023207
763.8873	586.922707
764.8481	198.543198
765.7606	94.381486
766.6570	92.147870
767.7641	122.206307
768.8231	100.025128
769.8038	123.859283
770.7014	104.347273
771.8932	330.198822
772.8560	201.138075
773.8558	195.450241
774.8617	108.752407
775.8498	131.089770
776.9187	82.331158
783.8532	147.359439
784.8445	141.484735
785.9003	1381.360625
786.9024	905.788944
787.9040	5388.890846
788.9085	2991.545783
789.9103	1896.957413
790.9016	768.481623
791.8614	312.827392
792.7318	165.448473
793.4732	140.239654
794.5103	163.137563
795.8259	154.888725
796.9316	159.189142
797.8642	322.811509
798.8982	199.994590
799.9484	583.347826
800.9463	342.053438
801.9380	320.186448
802.8917	167.346155
803.8309	115.992988
809.8785	109.862619
810.9143	109.545838
811.9436	603.867339
812.9099	483.276698
813.9455	4063.958923
814.9547	2624.656697
815.9907	7490.180698
816.9875	4397.915260
817.9519	2019.134841
818.9553	753.438510
819.8523	339.407187
820.7851	230.753233
821.6364	194.590536
822.5390	171.816963
823.3284	151.180612
824.0788	166.910233
824.9692	136.689590
825.9931	386.364812
826.9509	275.849472
827.9895	560.236370
828.9954	302.227733
829.9594	390.347502
830.9934	210.665135
831.9358	125.778919
833.2969	81.406270
837.9511	268.480687
838.9636	204.007326
839.9948	1417.614570
841.0308	1013.511214
842.0005	4717.447791
843.0026	2883.908955
844.0035	5328.222728
845.0061	2827.201780
846.0021	1236.801259
846.9946	510.048931
847.8709	192.738533
848.7751	115.099439
849.7791	113.438382
850.5880	91.755841
852.2063	130.599080
853.9732	195.007031
855.0433	183.011199
856.0061	299.242483
857.0460	176.709827
858.0060	267.564569
859.0404	152.556363
865.9962	248.014356
867.0403	219.369180
868.0132	998.305877
869.0521	675.516520
870.0842	2365.669055
871.0557	1356.709910
872.0513	1378.193127
873.0543	661.786229
874.0422	302.636649
874.9567	110.125223
884.0554	84.136981
896.0587	231.230361
897.0909	159.679439
898.0984	460.891222
899.1347	242.543123
900.1004	147.038075
