28	25
100.3368	859.364464
102.0004	1917.406284
102.9197	2320.464030
104.0555	18874.312980
105.1749	2403.933508
106.0622	4538.536663
107.0121	4730.748465
108.1429	1317.277560
109.0479	4177.516625
110.1960	1542.987885
111.1430	1374.338460
112.1599	888.043391
113.0045	1612.164437
114.0562	409.754611
115.0074	791.198810
116.1373	328.079368
117.1106	400.506515
118.1143	367.870255
119.0789	501.185870
120.0977	2059.294472
121.1504	844.219416
122.0679	1058.434489
123.1651	613.950066
124.1955	629.624574
125.1466	605.817927
126.1091	321.158339
127.1550	380.775046
128.1963	386.771186
129.1905	307.851512
130.0093	421.217368
131.2022	651.662016
132.0404	646.416073
133.1462	660.401724
134.1413	460.444337
135.1958	532.864467
136.1934	676.233946
137.1943	706.097285
138.1939	627.656373
139.1572	529.421945
140.1958	680.871296
141.0930	1124.829575
142.0346	228.678791
143.1481	334.023020
144.0980	369.986364
145.1544	417.603927
146.1874	336.482936
147.1832	315.581857
148.1545	548.705787
149.1826	530.172932
150.2398	687.075324
151.1901	536.544082
152.1515	593.118559
153.1954	494.658323
154.1525	574.555122
155.2081	425.742882
156.1417	272.054531
157.0937	545.251671
158.1025	361.164524
159.1525	422.897731
160.1833	328.590834
161.1497	382.305052
162.1884	336.834441
163.1934	356.264580
164.1898	383.231857
165.2015	423.200899
166.1933	313.718502
167.1574	475.141839
168.1105	437.267397
169.1980	316.924424
170.1511	264.129066
171.1897	266.190382
172.1816	254.255122
173.1127	278.802317
174.1492	365.239692
175.1618	1196.200502
176.2456	800.558890
177.2051	571.973497
178.2552	679.326325
179.2400	445.251386
180.1404	451.068289
181.1890	511.650694
182.1947	277.569372
183.1977	304.697424
184.1913	259.784119
185.1867	304.726382
186.1910	285.911060
187.1115	280.321339
188.1964	311.848167
189.1884	342.586420
190.1923	285.250182
191.2088	402.132697
192.2442	620.211492
193.2372	671.856008
194.1964	305.380427
195.2072	363.058201
196.1985	241.841676
197.1490	308.243209
198.1946	254.983113
199.1535	217.907365
200.1882	283.161152
201.1853	242.813112
202.1956	306.533305
203.2079	341.210688
204.1984	310.050304
205.1970	332.925103
206.2032	256.708636
207.2439	319.998281
208.2130	305.315665
209.2114	325.466788
210.2080	270.082304
211.2082	292.225984
212.2005	317.467855
213.0674	345.304995
213.9436	933.845706
215.1502	303.245511
215.9407	1563.945306
217.1928	470.153441
217.9063	807.684889
219.2474	2223.064258
220.2538	450.641811
221.2999	853.749614
222.2169	342.393484
223.2139	339.542301
224.2466	334.735048
225.2016	204.399892
226.2060	295.588440
227.1968	241.661065
228.1939	245.190356
229.1906	217.452382
230.1999	218.735292
231.2074	255.016968
232.2469	236.866002
233.2135	252.485338
234.2442	243.301162
235.2073	264.137469
236.2485	260.985259
237.2112	276.249643
238.2081	225.356589
239.2559	591.501026
240.2074	301.458672
241.1940	261.713343
242.2407	1305.864009
243.1864	591.862849
244.2036	452.596793
245.1843	380.389225
246.2449	281.749650
247.2803	256.663133
248.2429	248.146263
249.2458	240.895573
250.2497	265.678304
251.2072	281.519266
252.2834	279.227721
253.2027	232.159423
254.2053	200.848106
255.2041	178.197304
256.2035	165.802712
257.2485	192.811515
258.2518	191.288568
259.3446	703.076831
260.2866	386.117168
261.2057	493.447732
262.2192	300.227948
263.1954	408.866891
264.1581	331.095081
265.3048	578.373246
266.2569	354.925654
267.3380	2407.676753
268.2954	548.080714
269.2487	253.324324
270.2454	171.328241
271.2812	215.674996
272.2060	211.853511
273.1119	239.516157
274.1915	222.795130
275.1952	280.802239
276.1961	289.655334
277.3031	407.132474
278.2883	288.801722
279.3018	250.763228
280.2525	205.534602
281.2964	233.895315
282.2853	191.570291
283.2521	208.189128
284.2469	192.233619
285.2944	160.340286
286.2107	187.472941
287.2084	209.545650
288.2108	206.777635
289.2832	245.667758
290.2878	238.209256
291.3029	329.900836
292.2910	294.902759
293.3585	4268.544452
294.3112	970.451094
295.3542	2264.617255
296.3056	532.464406
297.2970	305.432103
298.2475	176.025911
299.2919	205.684712
300.2171	174.016213
301.2468	190.477437
302.2894	250.667708
303.3063	269.188200
304.3024	275.629936
305.3867	367.662088
306.3074	246.781215
307.3479	519.652627
308.3055	213.259121
309.3521	326.588065
310.2949	157.822810
311.2902	188.562596
312.2845	143.969348
313.2936	164.608583
314.2470	140.503219
315.2535	173.666506
316.2927	227.524216
317.3572	653.398245
318.3013	377.301854
319.4023	2739.192655
320.3942	757.751377
321.4355	4446.822401
322.4321	1065.341875
323.3909	673.058990
324.3054	242.232258
324.8391	394.790467
325.2965	262.358222
326.2396	156.834780
327.2920	322.185850
328.2911	191.980333
329.2857	281.397800
330.2935	187.352947
331.3058	248.183986
332.3065	189.527221
333.3958	395.994556
334.3054	222.757339
335.3549	405.052171
336.3150	206.981558
337.3811	227.982471
338.3098	147.662587
339.3104	205.506656
340.2929	142.073908
341.3526	207.975575
342.3064	169.637411
343.2588	149.993547
344.3338	148.571375
345.3502	168.635746
346.3418	144.192419
347.3497	251.022703
348.3437	226.262883
349.4529	3769.909868
350.4088	990.698051
351.3591	941.001221
352.3421	272.331758
353.3049	221.627111
354.3779	153.773190
355.1630	149.559109
356.3771	119.331556
357.2624	142.309220
358.2999	141.122346
359.3019	209.908839
360.3408	159.089813
361.3043	297.511936
362.2972	194.989383
363.3441	364.854614
364.3074	199.751344
365.3857	275.001063
366.3105	156.824931
367.4016	300.413624
368.3124	212.712209
369.3526	221.283278
370.3436	163.584756
371.3571	132.597473
372.3491	153.504562
373.3365	148.320076
374.3412	130.975332
375.3500	195.926665
376.3073	177.013638
377.3969	340.846468
378.3466	189.988122
379.3957	349.429589
380.2671	179.169387
381.3058	215.628733
382.0457	157.578064
383.3410	125.458813
384.1186	117.573945
385.3358	132.635803
386.3419	111.893198
387.3417	167.386790
388.3436	130.287934
389.3116	282.777152
390.3055	160.504416
391.3811	292.086997
392.3411	167.595769
393.4097	244.913181
394.3868	143.393641
395.4153	196.153854
396.3584	130.822263
397.3106	119.615421
398.3031	94.012996
399.3364	99.371855
400.3031	114.230575
401.3327	97.258288
402.3006	101.250180
403.3157	146.369498
404.3491	111.467861
405.4000	167.672190
406.3497	113.203470
407.4048	276.514312
408.3126	120.617233
409.3667	185.171341
410.3507	120.598268
411.3881	109.411942
412.3342	88.592965
413.3416	86.271003
414.3040	102.423890
415.3413	105.051757
416.3358	99.904152
417.3602	125.033685
418.3531	87.469325
419.3921	294.162244
420.3424	162.042870
421.3881	204.340604
422.3929	128.379900
423.3913	116.389512
424.4015	86.279974
425.3571	95.473455
427.3510	136.642293
428.3519	100.686284
429.4115	166.683582
430.3534	114.327014
431.3989	128.698791
432.3590	113.800073
433.4401	123.585530
434.3976	80.038443
435.3988	126.486870
436.3977	109.715940
437.3964	125.679363
438.4825	91.246376
439.2970	108.353891
440.3451	85.293558
441.2950	91.317350
442.3054	98.877418
443.3084	89.967451
444.3905	80.103059
445.3840	180.590465
446.3905	103.964299
447.3100	136.718714
448.3648	97.359511
449.4311	124.089294
450.3579	98.169399
451.4043	107.190953
452.3911	82.881520
453.3944	99.257146
454.3588	80.651164
457.3913	106.363614
458.3893	82.209275
460.3578	85.672602
461.4439	83.357713
462.3956	95.130901
463.4503	105.218755
464.4057	105.632632
465.4534	123.424913
466.3825	111.121560
467.4583	108.155974
468.4364	90.260365
469.3849	85.517903
475.4046	94.798658
477.4536	100.379748
487.5096	103.729895
489.4543	107.346441
490.4961	96.797119
491.4892	107.329380
493.5005	114.156697
494.4473	96.893349
495.5579	164.123085
496.4180	118.008610
497.4117	81.654426
499.3547	89.640298
502.4918	114.455294
503.5993	3147.569340
504.5587	1198.803848
505.5900	489.213291
506.5124	189.605997
507.4585	105.880719
511.4361	127.838350
512.3967	106.772045
513.4406	123.167520
514.4361	90.153373
515.5425	93.049323
517.6016	194.820914
518.5556	103.593960
519.5519	154.691127
520.4305	92.164159
521.5986	165.850872
522.5188	104.079087
523.5912	400.652658
524.5162	148.213982
525.5082	107.100497
531.4309	82.111941
533.5568	125.587810
535.4633	96.917458
543.6463	498.025294
544.6059	245.829360
545.6413	638.977901
546.6048	310.238083
547.6404	218.316336
548.5555	107.011161
549.6090	410.094883
550.5555	207.497523
551.6113	457.923746
552.5691	184.610144
553.5068	138.490547
555.5323	124.857371
556.4644	86.506865
557.5004	83.537205
559.5966	136.562287
561.6450	112.488145
563.5486	82.640425
569.6144	178.185906
570.6016	113.361269
571.6881	256.947307
572.6103	136.065167
573.6415	156.827686
574.5001	84.773033
575.6494	199.260348
576.5978	122.191252
577.6514	714.193987
578.6493	318.135009
579.6109	307.640519
580.5651	122.155595
581.6009	85.746995
587.6486	90.360188
591.6358	83.317147
603.6817	426.249706
604.6063	236.061280
605.6886	739.432087
606.6920	330.200724
607.6830	190.085989
608.6065	86.397773
629.6426	139.638807
630.5234	104.730875
631.6969	324.494971
632.6896	166.682880
633.7004	319.392976
634.7062	156.252964
638.7534	86.349722
655.5963	104.096795
656.6459	85.179416
657.6887	116.624699
659.7356	97.688335
677.7142	86.648217
703.7903	96.283941
704.7401	85.522258
705.7912	1048.436117
706.7858	556.388457
707.7478	214.850672
713.8397	83.117299
717.8530	112.865589
731.8031	750.450770
732.7960	512.171621
733.8085	3439.592587
734.8013	1987.472805
735.7992	837.426139
736.7081	251.515063
739.8548	217.137483
740.8066	139.467941
741.8479	168.589425
742.7569	96.272040
743.8517	133.307053
745.8602	147.990202
746.7972	89.341476
747.8123	127.961374
757.8470	285.750764
758.8400	240.878406
759.8508	2702.974240
760.8422	1716.530326
761.8476	3941.150019
762.8114	2374.929438
763.8071	994.759345
764.7242	321.111463
765.6669	122.884476
771.9795	193.910971
772.8507	126.650297
773.8899	167.950849
774.8632	86.370709
775.8042	144.862107
776.7952	80.928262
783.8944	110.393552
784.8431	113.045142
785.8901	1321.631573
786.8487	990.768109
787.9327	5064.009601
788.8567	3662.734169
789.8528	2532.300211
790.8490	1147.234858
791.7972	400.599470
792.6944	134.773239
797.9856	179.555628
798.9451	124.251973
799.9881	408.028393
800.8661	264.417189
801.8583	330.241283
802.9210	166.601980
803.8116	115.135116
811.9301	547.259442
812.8161	467.831625
813.9354	4012.794594
814.8965	3225.475185
815.9824	6935.763849
816.8615	5284.825910
817.8140	2854.672512
818.8102	1019.946068
819.7833	354.287343
820.5876	150.494499
821.5023	90.981812
824.1455	82.535667
824.9288	91.166361
825.9946	241.914042
826.8968	193.069319
827.9514	430.235005
828.9004	274.851612
829.9384	416.404193
830.8584	254.384399
831.8747	128.492613
837.9732	219.945527
838.9048	204.028183
839.9791	1443.769426
840.9022	1134.224462
841.9863	4757.901506
842.9058	3649.499763
843.9873	5407.212661
844.9069	3865.289869
845.8608	1810.525624
846.8781	631.293366
847.7877	233.741446
848.6442	81.440065
854.0773	169.175634
854.9075	141.366027
855.9897	264.794060
856.9178	185.138727
857.9461	282.509379
858.9418	173.830333
859.9124	106.346872
865.9848	242.538275
866.8715	212.932862
867.9942	1043.699036
868.9835	770.851879
870.0005	2564.437308
870.9102	1821.331991
871.9843	1733.386874
872.9076	980.538197
873.9046	435.667372
874.8415	161.101783
882.0454	105.042825
884.0248	134.133106
885.0394	87.081584
886.0754	115.078999
894.1089	90.076821
896.0005	271.097659
896.9915	227.592153
898.0420	523.513825
898.9532	353.961925
899.9512	245.634630
900.9884	107.061970
