33	15
100.7231	478.885003
101.7464	664.358626
102.6786	915.821219
103.7664	4131.805194
104.9102	1036.553929
105.8392	1748.345175
106.7456	4610.791683
108.7471	4244.245095
109.9588	1060.229950
110.8609	725.944712
111.9601	510.903017
112.7666	536.979774
113.8453	270.240175
114.8593	406.542916
115.8151	253.775711
116.9454	297.621409
117.9452	284.305423
118.9495	360.329087
119.8524	719.782114
120.9381	563.804561
121.8612	500.043744
122.9543	464.136559
123.9498	367.839181
124.8991	329.200391
125.8960	218.706449
126.9073	294.610610
127.9048	280.639141
128.9466	258.936547
129.8635	333.922560
130.9532	317.375720
131.8445	535.579452
132.9026	464.190793
133.8573	476.696076
134.9912	501.833397
135.9460	567.685292
136.9474	475.164486
137.9858	410.792404
138.9086	402.050118
139.9446	393.828443
140.8908	443.215023
141.9524	227.729138
142.9437	264.753559
143.9081	354.676564
144.9547	306.749327
145.9529	349.609620
146.9167	351.476003
147.9874	409.766124
148.9892	436.710252
149.9856	329.016463
150.9475	427.157378
151.9527	384.531345
152.9111	375.697420
153.9127	323.003991
154.9878	324.325095
155.8980	271.115599
156.9071	360.306228
157.9477	279.067650
158.9872	330.517447
159.9895	318.703994
160.9860	394.829646
161.9504	321.151694
162.9875	363.130914
163.9838	332.529776
164.9507	387.623444
165.9498	255.291595
166.9515	382.784174
167.9048	289.898462
168.9515	274.878927
169.9519	279.815445
170.9538	276.992538
171.9512	273.164970
172.9542	231.777711
173.9173	301.438191
174.9508	350.850112
175.9848	327.793247
176.9884	355.447320
177.9927	363.636809
178.9864	326.344223
179.8979	345.165556
180.9905	352.909670
181.9880	253.716863
182.9949	260.505215
184.0002	246.876428
184.9907	282.001006
185.9870	260.409525
186.9566	285.914595
187.9491	261.978207
188.9512	305.169797
189.9526	256.138070
190.9941	308.080304
191.9187	265.137707
192.9596	321.281262
193.9872	218.382338
194.9967	267.491732
195.9938	218.692662
196.9884	233.547161
197.9564	216.416237
198.9558	226.736591
199.9535	262.082085
200.9541	247.416595
201.9561	271.980240
202.9530	293.366179
203.9549	252.186234
204.9956	284.473065
205.9891	234.037128
206.9894	233.547945
207.9930	249.066732
208.9997	251.291424
209.9972	245.184999
211.0003	253.978506
211.9850	265.139576
213.0247	308.747541
213.7023	853.854100
215.0538	341.605738
215.6907	1548.576110
217.0394	296.496269
217.6980	781.740609
218.9928	219.402001
219.9595	231.366082
221.0001	265.652934
221.9901	225.885524
222.9945	251.630901
223.9892	193.569804
224.9932	241.693140
225.9578	262.118409
226.9919	241.208041
227.9531	233.420166
228.9901	220.150948
229.9982	219.088137
230.9986	215.634423
231.9999	167.578504
232.9939	150.381347
233.9938	181.590896
234.9933	215.482901
235.9962	207.374521
236.9931	257.323434
237.9924	223.730005
239.0066	345.783390
239.9958	250.002994
240.9935	226.755166
242.0125	216.063682
242.9943	191.082695
243.9957	176.787724
245.0016	162.031363
246.0022	169.367054
246.9987	172.365888
247.9578	183.889915
248.9622	223.095042
249.9983	201.953812
250.9983	225.363650
251.9894	225.350145
253.0427	238.179792
253.9569	223.453321
254.9581	193.610030
255.9985	158.014213
257.0073	144.118696
257.9999	165.991642
259.0060	209.596577
259.9981	175.450280
260.9995	209.300568
261.9973	182.618060
262.9993	222.763249
263.9982	219.223283
265.0110	301.161928
266.0022	264.875511
267.0965	722.178126
268.0831	240.370410
269.0179	183.210255
270.0005	151.290154
271.0072	183.629730
271.9981	141.271345
273.0026	175.228914
273.9914	147.870771
274.9880	187.649169
275.9942	231.937949
277.0022	205.828726
278.0021	209.130797
279.0053	188.155082
279.9939	188.631257
281.0009	176.083900
282.0051	181.696269
283.0421	148.137449
284.0544	128.070324
285.0142	169.281357
286.0001	145.993847
287.0091	182.200671
288.0018	170.206127
289.0064	208.909322
290.0063	218.130071
291.0125	202.302595
292.0130	198.636391
293.1438	731.519620
294.0509	278.111067
295.1077	546.311822
296.0873	191.675995
297.0117	196.553203
298.0079	125.910779
299.0493	161.685559
299.9996	165.170302
301.0072	164.531432
302.0104	168.718603
303.0482	175.299383
304.0052	165.768458
305.0084	174.161694
306.0109	162.413411
307.0090	153.582088
307.9981	131.064635
308.9970	142.626166
310.0071	123.987531
311.0901	158.368568
312.0054	153.945664
313.0075	200.047603
314.0064	180.663259
315.0016	168.433195
316.0064	176.232311
317.0855	187.311188
318.0491	154.711609
319.1168	358.087185
320.0555	175.232465
321.1551	623.148186
322.1349	216.649260
322.6093	172.067788
323.0397	202.668150
324.0905	170.714272
324.5661	155.279866
325.0288	156.466426
326.0424	161.127769
327.0407	171.424075
328.0483	153.154326
329.0421	167.205537
330.0082	129.963503
331.0855	134.903642
332.0497	116.261643
333.0888	133.241913
334.0099	110.728959
335.0528	156.603371
336.0463	111.761323
337.0123	141.194246
337.9982	126.612644
339.0012	137.462740
340.0895	124.421765
341.0841	136.299860
342.0038	127.229929
343.0464	165.436504
344.0103	114.793513
345.0478	127.251635
346.0118	121.895239
347.0863	136.181115
348.0827	126.611040
349.0497	148.049658
350.0136	155.775060
351.0514	148.052548
352.0108	138.573391
353.0134	133.842207
354.0476	125.456506
355.0876	102.995245
356.0483	110.961141
357.0524	105.679142
358.0867	112.382431
359.0449	124.396880
360.0466	119.832437
361.0954	157.384514
362.0431	113.958765
363.0907	197.611913
364.0081	137.893109
365.0532	142.565992
366.0599	109.426832
367.0416	125.217370
368.0851	125.297314
369.0846	113.993723
370.0537	94.152892
371.0149	114.037649
372.0513	95.004923
373.0494	120.914202
374.0461	126.432241
375.0101	122.134831
376.0153	115.241720
377.0837	138.999141
378.0949	115.526901
379.0907	157.314580
380.0839	112.123259
381.0868	133.810910
382.0473	109.858577
384.0951	94.650123
385.0911	116.564333
386.0914	107.664688
387.0971	191.182717
388.0795	123.598060
389.0979	224.742780
390.0874	146.099006
391.0966	192.665719
392.0861	114.700217
393.0891	96.240630
394.0856	102.887046
395.0556	95.933693
396.0874	101.216581
397.0829	99.036671
398.0918	91.444423
399.0876	94.341755
400.0808	95.534037
401.0885	115.174434
402.0876	105.510129
403.0581	122.186250
404.0892	109.917523
405.0963	117.021510
406.0606	93.371214
407.1357	103.196667
408.0443	83.195643
409.0513	109.662394
410.0925	86.034662
411.0528	82.170978
412.0849	100.467742
413.0465	107.243148
414.0917	104.056796
415.0879	116.554822
416.0477	95.504206
417.0161	96.059446
418.0890	91.311081
419.0861	106.654389
420.0955	102.556846
421.0958	103.907141
422.0879	98.903065
423.0932	90.056443
424.0895	95.831122
425.0513	96.614091
426.0491	90.706695
427.0920	84.924704
428.0902	86.291794
429.1122	118.798514
430.1076	109.490340
431.1068	110.071021
432.0936	103.009279
433.0930	99.157597
434.0821	92.661765
435.1322	84.361703
436.0933	80.139899
437.0924	99.738114
439.0852	118.004032
440.1014	98.814115
441.0858	90.448759
442.0945	83.392781
443.0887	89.042774
444.0909	89.482694
445.0949	92.964620
447.1017	82.368365
448.0896	87.438199
449.0885	89.432465
450.0066	90.242272
451.0902	89.342653
455.0968	95.444118
457.1410	86.444403
459.1101	85.895886
460.0925	86.251179
461.0926	89.150193
463.0967	103.842400
464.0915	92.514577
465.1491	116.723058
466.1454	93.625949
469.1004	94.144337
477.0899	99.182826
479.1447	86.671605
495.3899	84.135216
497.1474	84.906023
500.0923	83.914395
501.0875	83.938485
502.0897	81.035509
513.1064	94.764893
521.3971	125.016334
523.2901	99.300707
549.5000	132.641205
733.6891	109.183542
759.6906	156.689772
761.6935	130.766509
785.7415	82.370590
787.7064	305.159310
788.7450	153.104071
789.7321	99.368938
799.7561	89.693720
813.7464	264.078711
814.7948	157.419813
815.7850	443.664856
816.7874	214.264356
817.7798	98.344830
825.7556	81.074604
827.7882	91.862795
839.8740	95.666731
841.7893	301.849512
842.7909	155.504448
843.7912	291.448458
844.8012	151.005966
869.7923	131.357291
870.8364	83.789572
