29	16
100.4053	1185.381444
102.0857	4573.692845
104.0008	28634.911672
105.1760	5953.741362
106.0530	13833.688061
106.6469	2267.794325
107.2087	2202.850124
108.1222	1948.191339
109.1750	1246.805787
110.1251	1364.735125
111.1045	1173.468125
112.1437	740.662151
113.0826	682.665761
114.1903	377.048593
115.1561	352.047876
116.1912	239.397390
117.2194	367.243485
118.1395	371.338499
119.0787	564.033704
120.0964	5949.419405
121.1406	998.731835
122.1032	1463.621680
123.1583	523.301807
124.1957	540.265872
125.1035	790.347341
126.1969	226.197142
127.1601	266.322556
128.1913	314.453322
129.2869	138.449763
130.0118	224.802073
131.1561	242.204246
132.1549	141.321074
133.1893	176.423842
134.1894	155.541769
135.2060	271.361824
136.1586	402.829568
137.1957	514.125750
138.1985	439.241104
139.2040	365.895950
140.2053	528.641253
141.0524	3283.773258
141.7385	142.243521
142.1701	163.946389
143.0583	569.405490
144.1130	229.087831
145.2361	404.402834
146.1960	164.477961
147.1635	157.508076
148.2018	375.923675
149.1918	350.769857
150.2039	301.192602
151.1613	321.545004
152.2036	252.288131
153.1589	447.812891
154.2015	247.015858
155.2067	177.730406
157.0582	952.912203
158.1565	160.095333
159.1436	361.766599
160.1890	124.875982
161.1548	220.675245
162.1635	152.014131
163.1653	190.306872
164.2342	215.879625
165.2387	233.437948
166.2365	222.795349
167.2000	277.177591
168.2001	199.068788
169.1451	338.605426
170.2067	111.137033
171.1551	112.701963
172.1901	101.629086
173.1926	144.960602
174.1659	183.644109
175.1556	1433.251605
176.2034	326.546136
177.1558	370.903958
178.2366	326.617610
179.2423	212.550373
180.1510	363.727381
181.1951	266.102025
182.1993	159.606708
183.2146	119.356698
184.2052	151.835661
185.1514	225.654581
186.1924	168.628119
187.1573	189.927416
188.2040	189.992568
189.1635	238.226449
190.1944	253.552943
191.2478	309.859706
192.2530	395.122371
193.2391	475.529666
194.2440	264.901610
195.2421	239.802504
196.1424	640.502684
197.1515	213.294833
198.1894	178.176549
199.1955	120.472555
200.1982	146.643179
201.1946	124.031689
202.2381	292.998985
203.2438	235.375671
204.2447	248.691978
205.2473	236.966000
206.2416	227.008631
207.2520	264.697837
208.2466	269.994942
209.2583	234.525563
210.2543	216.586106
211.2536	183.745576
212.2375	169.641386
213.1166	235.146450
214.2039	169.240196
215.1996	199.292414
216.2477	219.773284
217.2047	209.097152
218.2570	188.541171
219.2563	694.539268
220.2566	223.244577
221.2584	369.567596
222.2422	207.992758
223.2465	221.001816
224.2521	291.461964
225.2419	157.320863
226.2496	232.779588
227.2481	148.278322
228.1636	190.593444
229.2004	162.059752
230.2062	246.060221
231.2390	423.479549
232.2512	858.394552
233.2098	319.388754
234.2530	470.827809
235.2510	279.712789
236.2468	292.175908
237.2532	276.790548
238.2497	171.799586
239.2621	561.512059
240.2494	249.888791
241.2080	182.152515
242.2518	350.549693
243.2883	249.605074
244.2514	319.007026
245.2876	252.073717
246.2855	268.036752
247.2902	291.511177
248.2909	286.000558
249.2897	294.825136
250.2914	319.037532
251.2536	258.025642
252.2971	305.877850
253.2455	247.105083
254.2054	275.044455
255.2168	197.822895
256.2076	175.027399
257.2957	227.928940
258.2541	197.921813
259.3038	561.072894
260.2959	373.585507
261.2903	480.265582
262.2911	364.977524
263.2863	344.613183
264.2535	353.773418
265.3070	667.192430
266.2977	339.859535
267.3378	2090.874820
268.2969	563.349484
269.2133	321.486930
270.2023	457.941602
271.2532	227.289792
272.2065	256.505724
273.2823	188.119848
274.2509	198.876642
275.2539	238.664270
276.2456	294.386280
277.2980	382.651155
278.2994	284.091206
279.3089	220.567165
280.2903	193.054923
281.2612	210.524110
282.2522	173.975076
283.2905	144.563169
284.2911	124.350912
285.3081	146.939534
286.2989	159.513878
287.2981	190.611230
288.2974	266.576049
289.2923	291.920580
290.2962	315.566967
291.2949	356.556581
292.3058	332.431844
293.3548	3300.673156
294.3106	809.580209
295.3550	1855.067466
296.3039	518.332609
297.2996	309.786419
298.3318	189.989751
299.2977	227.875189
300.2559	183.592369
301.3017	162.858162
302.2964	294.287092
303.3976	319.928044
304.3092	294.259240
305.3539	411.961554
306.3447	299.532175
307.3380	410.355432
308.3039	214.643782
309.3466	237.272186
310.2960	178.283014
311.2962	193.430737
312.3036	181.998594
313.3015	227.648767
314.3033	256.983596
315.3054	265.526587
316.3027	345.677350
317.4063	941.062570
318.3547	534.067251
319.4452	3273.727307
320.3958	950.452984
321.4347	3903.939926
322.3901	1007.375947
323.3897	602.755979
324.3034	315.719028
325.3437	286.204464
326.2476	201.535841
327.3345	234.220176
328.2983	206.074136
329.2619	184.006722
330.3059	227.904091
331.3116	406.611890
332.3094	340.683710
333.3946	699.400397
334.3128	329.322933
335.4393	865.813102
336.3910	393.002241
337.3903	327.848452
338.3415	184.296139
339.3122	239.001853
340.3099	224.197703
341.3869	298.935856
342.3836	237.639678
343.3507	317.494585
344.3039	272.880548
345.3134	281.180868
346.3065	262.969089
347.3057	279.723570
348.3008	243.529710
349.4000	537.202776
350.3412	277.684316
351.3495	945.428312
352.3052	397.268345
353.3508	291.417254
354.3554	195.024779
355.3525	350.384449
356.3086	261.521807
357.3589	826.574235
358.3519	439.358954
359.3598	776.936663
360.3853	356.672919
361.3539	343.569360
362.3474	262.740534
363.3555	375.525886
364.3140	245.759032
365.3898	339.017491
366.3475	228.863985
367.3666	210.469062
368.3105	227.019665
369.3435	256.410995
370.3512	214.793963
371.3811	214.175436
372.3848	174.948439
373.3548	337.962541
374.3545	222.332551
375.3916	266.979431
376.3517	259.562278
377.4007	343.441844
378.3900	234.428859
379.3631	826.828654
380.3903	351.056577
381.3500	281.039392
382.3539	193.056429
383.3460	171.105971
384.3937	221.629512
385.3886	204.602692
386.3872	230.268842
387.3886	215.397319
388.3530	185.174185
389.3528	257.851492
390.3895	223.019585
391.3888	278.645429
392.3953	218.569974
393.3925	257.631244
394.3957	185.740578
395.3901	226.917587
396.3913	213.815964
397.3506	209.630375
398.3505	168.587620
399.3506	158.675317
400.3459	150.567924
401.3972	180.341842
402.3847	191.314647
403.3990	238.570253
404.3547	211.166619
405.3974	262.528475
406.3949	231.506590
407.4444	357.350069
408.3596	215.851643
409.4112	215.654450
410.3504	180.193464
411.3895	203.040998
412.3775	168.937274
413.3929	174.625051
414.3839	168.488438
415.3932	178.066166
416.3987	182.253601
417.4049	227.919571
418.4019	192.317950
419.3598	649.711361
420.3554	306.222656
421.3584	424.936275
422.3973	242.413181
423.3530	278.401338
424.3507	202.211970
425.3551	381.027585
426.3843	193.709350
427.3589	291.331462
428.3927	175.498150
429.4043	242.074738
430.3868	180.380357
431.4061	173.294339
432.3965	201.518734
433.4452	192.200990
434.4091	193.903900
435.4096	247.516535
436.3919	183.290740
437.4059	240.275219
438.4069	172.036578
439.4861	179.933313
440.3577	163.878506
441.3996	176.671880
442.3975	164.644426
443.3892	167.436620
444.3966	173.547124
445.4013	595.899973
446.3990	273.552009
447.3971	246.573657
448.4446	182.685213
449.4362	186.623338
450.4108	181.343764
451.3991	163.172315
452.3946	168.496017
453.4011	193.758113
454.4032	149.494958
455.3928	192.752874
456.3994	131.882705
457.3957	188.207585
458.4018	175.606544
459.3980	166.325997
460.4124	179.114326
461.4112	194.353363
462.4097	194.080278
463.4125	232.762348
464.4126	204.016361
465.4550	268.526298
466.4474	172.407214
467.5127	311.290589
468.4933	203.149778
469.4429	156.943149
470.4140	151.193234
471.4406	167.442562
472.4099	147.402197
473.4443	183.168252
474.4482	177.280767
475.4494	168.448712
476.4515	163.231543
477.4515	176.799687
478.4131	160.535982
479.4101	153.067501
480.4471	144.415463
481.4930	149.131686
482.4503	137.236207
483.4549	143.335804
484.4475	141.896152
485.4501	137.936070
486.4482	142.565174
487.4884	120.439293
488.4932	146.908155
489.4487	155.118733
490.4799	160.556516
491.4879	167.708891
492.4897	135.866536
493.5430	228.314638
494.4976	192.607130
495.6058	378.906580
496.5508	223.907331
497.5028	165.931511
498.4853	152.569964
499.4511	145.725011
500.4541	176.175752
501.4803	153.887131
502.4972	174.640910
503.5393	178.321250
504.4607	166.339733
505.4882	204.995073
506.4490	151.477951
507.5008	174.203025
508.4991	138.611578
509.4542	152.648075
510.4939	155.802425
511.4390	425.378962
512.4391	247.561861
513.4453	568.709708
514.4493	288.847970
515.4874	236.555481
516.4448	159.032196
517.5362	131.972508
518.5103	149.756669
519.5000	234.300138
520.5056	169.802668
521.6193	441.997911
522.5997	269.908470
523.6503	551.279619
524.6009	265.717106
525.5519	162.404611
526.4538	129.729970
527.4578	131.348783
528.4992	167.738373
529.5028	152.037348
530.4953	140.802397
531.4998	175.286820
532.4902	149.634566
533.5461	179.316906
534.5343	149.942121
535.5535	175.992684
536.5010	168.099888
537.4602	136.793098
538.4494	134.680905
539.4661	131.895169
540.4983	136.519765
541.4598	141.658392
542.4960	144.482567
543.5475	166.281543
544.5440	159.936561
545.5515	188.567118
546.5581	161.751550
547.6457	273.696237
548.6345	199.484789
549.6981	728.545225
550.6879	351.148794
551.6901	553.595357
552.6146	265.362329
553.5862	227.490243
554.5033	164.803282
555.5474	258.541701
556.5525	190.152647
557.5036	187.093937
558.5141	132.388837
559.5888	193.105706
560.5415	155.398187
561.6137	186.049731
562.5986	156.398086
563.5660	187.510262
564.5564	153.294960
565.5528	151.946947
566.5476	151.104938
567.5369	131.818601
568.4927	121.030444
569.5478	134.213543
570.5492	135.221077
571.5548	144.662076
572.5504	137.191626
573.6383	194.566565
574.5591	148.504188
575.7043	307.016609
576.6514	199.210025
577.7457	822.606783
578.7042	439.231585
579.6944	361.903753
580.6103	179.579050
581.4813	138.640780
582.5356	136.902532
583.6016	146.851875
584.5077	121.226510
585.5564	150.288221
586.5575	128.376910
587.6467	200.496307
588.5888	155.851805
589.6554	206.881202
590.6053	141.564221
591.5967	158.135581
592.6351	134.304551
593.5615	123.763495
594.5946	104.430232
595.5571	102.845031
596.5483	112.529869
597.5466	112.069676
598.5578	114.929461
599.6061	148.683762
600.5939	119.912576
601.6046	182.200413
602.5183	131.649267
603.7099	434.893540
604.6642	274.350449
605.7834	794.377705
606.7444	414.402902
607.6623	282.595960
608.6404	136.951994
609.5571	118.932794
610.5486	104.693288
611.5913	119.364581
612.5002	119.113845
613.6076	100.791910
614.5535	155.670953
615.6513	145.090271
616.5948	167.712913
617.6986	177.893662
618.6124	106.507430
619.6084	113.353424
620.6418	117.305216
621.6038	105.624347
622.5524	82.622923
623.5626	84.111640
627.6034	90.766055
628.5986	97.236265
629.6636	158.595551
630.6342	139.454120
631.7545	375.217427
632.7043	191.606541
633.7953	437.063695
634.7482	197.063876
635.6622	123.824302
645.6973	108.542676
646.5935	92.164063
647.6470	105.704949
648.5516	319.414276
649.5846	149.357956
650.5844	96.657968
659.7113	99.131361
677.8495	264.729185
678.8066	119.048776
689.8067	173.330718
703.8938	426.529503
704.8904	225.171682
705.9024	2806.959623
706.9038	1347.089530
707.8968	521.529928
708.7869	140.429266
714.7115	88.739329
715.8567	227.944882
716.8413	145.457821
717.9026	560.114083
718.8985	290.590734
719.8981	259.875392
720.8012	111.829605
729.8969	243.537529
730.8875	137.041751
731.9465	2550.088151
732.9854	1406.982974
733.9839	7669.376662
734.9902	4035.896990
735.9816	1614.319601
736.9004	475.699015
737.7120	103.957558
739.7042	82.757592
740.6875	95.162429
741.8519	216.913097
742.8441	203.006730
743.9098	657.054171
744.9559	389.850878
745.9888	732.859493
746.9473	390.672706
747.9532	481.114124
748.9454	238.560147
749.9324	129.156197
750.7147	95.140500
751.8019	190.146032
752.7941	155.607799
753.7617	131.962303
754.7120	121.062573
755.8158	139.966213
756.7971	105.925838
757.9912	1123.005857
758.9999	773.861569
760.0007	8077.491367
761.0002	4396.972549
762.0054	7637.917351
763.0041	3761.482930
763.9995	1521.741244
764.9843	487.964041
765.8223	219.362423
766.8047	287.033964
767.8118	336.467177
768.8742	310.071340
769.9497	546.646277
770.8664	422.247339
771.9968	1383.678373
773.0010	794.338552
774.0023	788.712441
775.0005	421.939562
776.0014	460.215393
776.9546	286.169282
777.8760	198.972785
778.8581	189.110761
779.7565	221.925153
780.6537	207.150705
782.1459	237.729954
784.0438	645.624632
784.9847	468.543725
786.0502	4629.808087
787.0523	2904.489744
788.0914	10719.718772
789.0522	8735.287577
790.0556	5450.469628
791.0486	2201.482713
792.0423	985.512801
792.8297	538.553837
793.5133	465.525377
794.4705	596.883594
795.4061	613.560644
796.1386	662.339458
797.0332	628.210680
798.0747	1317.243224
799.0191	878.038822
800.0511	2235.820970
801.0450	1320.991473
802.0849	1259.301421
803.1201	738.739332
804.0934	581.191223
805.4614	381.930971
806.9664	349.887333
808.0513	366.139381
809.0464	360.958205
810.0291	600.700123
811.0713	486.108247
812.1057	2399.454726
813.1458	1756.786906
814.1118	9987.737537
815.1419	7751.267647
816.1494	10858.958099
817.1092	9984.886097
818.1045	5534.449321
819.1028	2319.122115
820.0730	1061.663048
820.8863	768.705294
821.7525	707.604936
822.6389	662.373954
823.9754	715.552718
825.1844	588.111601
826.1081	1479.758730
827.0970	998.655395
828.1396	1855.620744
829.1470	1126.916630
830.1457	1362.197048
831.1386	831.908520
832.2235	531.061522
833.2959	390.971173
834.1421	342.412714
834.9448	328.777217
836.0063	424.859295
837.0539	356.832900
838.1537	1021.312102
839.1674	847.023372
840.1998	4598.060440
841.2011	3121.958430
842.2008	10103.486691
843.2038	7864.054299
844.1983	10095.127440
845.2024	7241.085813
846.1960	3312.878493
847.1458	1359.835424
848.1691	660.815879
848.9796	427.683172
849.8973	415.428926
850.7742	349.267430
852.0973	487.422327
853.2352	392.535599
854.2413	857.741086
855.2354	604.413787
856.2048	973.264468
857.2420	638.705102
858.2395	761.957170
859.2493	482.955097
860.3169	316.302745
861.2768	205.153816
862.4744	164.367716
864.0719	243.406055
865.2167	206.410382
866.2856	904.703417
867.2419	666.124801
868.2516	3072.275000
869.2853	2038.953411
870.2588	6485.848833
871.2945	3908.655585
872.2956	3594.171972
873.2965	1740.788926
874.2563	779.228623
875.2340	293.455091
876.1100	146.094431
877.0006	106.079604
878.2167	101.487231
880.3035	161.189260
881.1888	144.220508
882.2916	299.023640
883.2396	175.583340
884.3090	349.053611
885.2997	207.576151
886.2918	222.489750
887.3890	128.695218
892.3211	80.427188
894.2680	320.971043
895.3279	210.420131
896.3359	799.012281
897.3091	456.245465
898.3344	1277.427853
899.3486	751.146860
900.3206	408.427465
901.3265	161.652833
