26	18
100.3470	904.069470
102.0939	2520.236096
103.0442	3097.943994
104.0162	21240.343967
105.1744	2769.501019
106.0948	7267.975747
107.2069	1229.347615
108.2072	1439.726473
109.1229	890.808522
110.2540	1525.821899
111.2108	1041.546858
112.2459	681.319227
113.1606	605.803815
114.1411	278.496561
115.2193	301.227166
116.2905	242.957579
117.3148	338.014157
118.2106	393.579871
119.1184	477.326386
120.1405	3414.837447
121.2012	797.659135
122.2001	1366.067795
123.2492	636.414432
124.2562	965.962051
125.1934	826.768581
126.2869	350.722016
127.2503	374.001552
128.2853	366.931052
129.2473	269.514066
130.1588	299.976559
131.2460	362.942571
132.1891	397.123570
133.2164	347.056027
134.2166	342.539181
135.2532	417.271470
136.2474	761.063937
137.2509	712.720061
138.2147	763.453676
139.2516	642.151951
140.2529	989.117965
141.0603	2423.512548
141.6897	159.667739
142.2105	274.034061
143.1069	464.642677
144.2025	333.913839
145.2513	822.798028
146.2565	342.345194
147.2497	326.725107
148.2544	516.922113
149.2512	470.686838
150.2577	576.123158
151.2552	548.561829
152.2520	507.090234
153.2534	517.336029
154.2574	334.840303
155.2558	316.909040
156.2093	213.023832
157.1005	888.539939
158.2031	357.231196
159.1957	519.594506
160.2522	285.116178
161.2448	437.620037
162.2485	396.357055
163.2502	392.649733
164.2537	483.139384
165.2602	516.977353
166.2614	395.644217
167.2587	456.008014
168.2470	394.686580
169.2519	315.083933
170.2512	211.752153
171.2162	203.912089
172.2475	207.528058
173.2537	213.841189
174.2473	335.435516
175.2326	1143.844291
176.2544	431.885939
177.2443	453.697242
178.2582	527.860417
179.2579	433.800213
180.2515	454.351776
181.2516	438.053176
182.2956	272.118309
183.2920	206.396544
184.2496	201.515244
185.2097	230.080666
186.2482	233.109040
187.2466	262.171527
188.2570	320.641517
189.2526	325.590917
190.2568	324.623403
191.2613	446.453961
192.2629	534.153513
193.2547	614.121063
194.2571	326.681941
195.2620	366.998828
196.2558	279.714591
197.1973	291.990220
198.2573	193.812641
199.2111	178.897914
200.2510	202.554251
201.2553	246.152131
202.2567	382.474354
203.2640	374.508585
204.2588	430.656869
205.2614	353.395072
206.2581	320.782898
207.2629	436.169748
208.2629	431.374228
209.2659	334.266360
210.2621	279.407713
211.2933	229.606098
212.2549	199.683219
213.1625	264.710719
214.2881	224.775927
215.2114	253.804096
216.2507	313.741592
217.2530	360.684216
218.2978	365.710692
219.2630	1480.538003
220.2938	360.782131
221.3010	540.059203
222.2594	307.793482
223.2989	331.232107
224.2616	434.435996
225.2960	242.478153
226.2668	372.110652
227.2945	216.688060
228.2515	241.584541
229.2573	234.926079
230.2887	243.742086
231.2950	338.474154
232.2655	699.293724
233.2966	349.083435
234.2657	458.589796
235.2653	386.542888
236.2987	342.658219
237.2972	315.552297
238.2991	303.622459
239.3425	355.591973
240.2864	252.802029
241.2924	219.810251
242.2635	568.629935
243.2922	273.024464
244.2602	541.059804
245.2616	334.964910
246.2997	394.231041
247.3005	362.806635
248.2943	321.477840
249.3059	351.315463
250.3080	323.405919
251.3093	270.847572
252.3065	302.348981
253.2881	228.219092
254.2634	196.732986
255.2999	215.481626
256.2593	164.583127
257.2920	243.345009
258.2983	234.845557
259.3480	613.902090
260.3084	414.061102
261.3050	470.897580
262.2991	347.956817
263.3053	369.565337
264.2607	347.150877
265.3558	434.540378
266.3100	342.453089
267.3636	1037.251795
268.3151	329.002315
269.3041	215.543267
270.2922	191.028000
271.3006	220.244500
272.2563	190.696513
273.2988	179.504929
274.3116	222.289360
275.3026	283.628582
276.3001	284.788070
277.3529	326.999178
278.3472	294.304611
279.3503	286.343179
280.3058	256.093764
281.3079	208.008139
282.2981	200.807689
283.3001	188.955694
284.3054	185.852273
285.3024	149.908377
286.2965	168.892604
287.3054	237.349457
288.2974	278.376956
289.3009	284.908051
290.3066	298.562434
291.3438	296.643223
292.3171	329.750776
293.4363	2227.133503
294.3893	583.121542
295.4386	1422.134578
296.3827	361.586790
297.3478	223.889537
298.3014	181.100376
299.2974	176.399061
300.3082	164.897157
301.3540	219.924537
302.3403	293.995075
303.4050	433.929536
304.3901	382.807408
305.4071	467.881017
306.3517	323.355405
307.3550	451.302582
308.3448	252.292995
309.3507	260.605527
310.3078	163.132327
311.3379	164.528866
312.2968	160.010959
313.3465	177.801807
314.2999	160.216431
315.2994	210.501099
316.3443	273.139057
317.4395	956.914022
318.3956	597.625042
319.4479	4078.905601
320.4130	1213.241043
321.4508	3396.756407
322.4108	874.847610
323.4093	572.528671
324.3845	248.235224
325.3132	222.286508
326.2586	159.859362
327.3059	190.102181
328.3448	151.767356
329.3517	157.006190
330.3420	166.668489
331.3544	230.483123
332.3471	237.754842
333.4057	475.272318
334.3857	312.659341
335.4390	765.235466
336.3973	319.547628
337.4016	328.833180
338.3892	177.144663
339.3927	211.338438
340.3507	169.286987
341.3938	204.822563
342.3856	176.622565
343.3571	165.251323
344.3153	168.865166
345.3461	194.679117
346.3486	194.876805
347.3911	284.840686
348.3887	218.562861
349.4626	909.795412
350.4073	339.314103
351.3592	602.422761
352.3474	221.206732
353.3850	206.482949
354.3465	138.240918
355.3856	157.245643
356.3532	136.500289
357.3558	300.826748
358.3477	201.563583
359.3896	267.150325
360.3126	191.901175
361.3934	208.285534
362.3905	195.230452
363.3924	241.762851
364.3129	165.245552
365.3986	253.875281
366.3881	162.484156
367.4077	208.371794
368.3121	157.991785
369.3904	155.463949
370.3512	121.485278
371.3534	120.228492
372.3559	127.713471
373.3941	161.387969
374.3879	149.985867
375.3904	156.130030
376.3963	157.622258
377.4055	226.782088
378.3976	165.769234
379.3970	448.862274
380.3510	181.783652
381.3517	196.521018
382.3866	122.124806
383.3488	124.326403
384.3547	113.468621
385.3958	123.283922
386.3461	104.793322
387.3906	149.313654
388.3834	141.048768
389.3887	170.985044
390.3885	142.293358
391.4008	210.771470
392.3985	145.985002
393.4465	216.065661
394.3970	146.265184
395.4145	185.433606
396.3954	133.933962
397.3592	114.819946
398.3869	118.303731
399.3878	118.643910
400.3888	125.725407
401.3947	133.079586
402.3943	120.556199
403.4001	156.884116
404.3922	162.100194
405.4437	203.902604
406.3949	152.243214
407.4459	221.013492
408.4057	136.140112
409.4085	134.506197
410.3945	117.482400
411.3959	127.298487
412.3388	102.774417
413.3964	107.329898
414.3945	98.059510
415.3916	93.221865
416.3922	99.130447
417.4029	127.337078
418.3964	127.258733
419.3972	293.310266
420.3951	154.721879
421.3895	221.731683
422.3976	122.290163
423.3945	121.145253
424.3912	105.067465
425.3516	94.992799
426.3933	107.598627
427.3924	138.176098
428.3948	110.028050
429.4463	174.853094
430.3960	109.113805
431.4054	139.013388
432.4412	116.934088
433.4135	127.710720
434.4063	130.771552
435.4832	132.265751
436.4331	103.231883
437.4473	116.654549
438.4477	103.293563
439.4385	100.820207
440.4362	96.258388
441.3882	109.429221
442.3911	88.703438
443.4305	98.242568
444.3900	108.983574
445.3945	275.283296
446.4035	151.375335
447.3922	149.942329
448.4502	122.710443
449.4818	135.932677
450.4443	101.781905
451.4506	112.424938
452.4369	103.234388
453.3973	107.523768
454.3923	101.545992
455.4004	98.923478
456.3953	88.478500
457.3981	101.029514
458.3962	106.760870
459.4461	92.216916
460.4474	99.776636
461.4894	113.161331
462.4091	115.446967
463.4118	132.585322
464.4397	111.504117
465.4470	117.106056
466.4076	100.685688
467.4961	133.864477
468.4523	98.045933
474.4458	90.212347
475.4573	89.693021
476.4515	91.284926
477.4953	101.309657
478.4418	85.357036
479.4629	88.255947
483.4551	98.488366
486.4095	88.513967
487.4458	90.038760
488.4893	91.647424
489.4557	85.838793
490.4482	97.827024
491.4860	87.795467
492.4585	88.651392
493.4554	98.746533
494.4475	100.199736
495.5037	112.333466
496.4994	97.963305
501.4469	90.850748
502.5310	92.485691
503.6447	294.978146
504.5996	155.996906
505.5448	158.094959
506.4990	98.116627
507.4582	82.045552
508.4946	84.980615
509.4891	80.540230
510.4574	80.141181
511.4475	84.545358
512.4511	93.298734
513.4436	97.635489
514.4543	82.135770
517.6076	105.127966
518.5591	95.330092
519.5037	126.062928
520.4966	93.058340
521.5479	133.767057
522.5411	98.936318
523.5979	278.697491
524.5956	120.880198
525.5498	85.842312
527.5060	88.126401
528.4574	81.489617
529.4973	81.778724
530.4574	81.724634
531.5116	90.713746
532.5452	84.974027
533.6036	155.816720
534.5596	93.448043
535.5922	85.079499
542.4942	81.226403
543.6570	138.534152
544.5935	104.716067
545.6485	136.680390
546.5914	100.458534
547.5557	131.889700
548.5447	86.565463
549.6059	246.711309
550.6000	172.851022
551.6508	346.249560
552.5990	151.944132
553.5503	133.168016
554.5481	90.745060
555.5055	154.809457
556.5481	91.750987
557.4936	82.309858
559.6078	122.816885
560.5500	91.272676
561.6420	125.689140
562.5968	104.968494
563.5986	93.367950
569.6045	89.424982
570.5907	101.057141
571.5965	88.027888
572.6031	83.603905
573.6003	92.364053
575.6502	145.672906
576.6349	119.745885
577.6600	432.462841
578.6552	216.083966
579.6537	207.138920
580.6061	99.132727
587.6565	108.218664
588.5994	82.068657
589.6517	89.932065
591.5556	84.661655
603.6922	225.022297
604.6953	131.007265
605.7066	439.613880
606.7076	213.454159
607.6991	132.579887
630.5942	81.361849
631.7460	177.705890
632.6974	107.748081
633.7159	195.264525
634.7423	110.067595
648.5446	95.476134
703.8064	106.981903
704.7575	82.602433
705.8446	699.743831
706.8495	331.069478
707.8153	144.207952
717.8164	117.366014
731.8504	554.659306
732.8865	383.127917
733.8596	2091.360966
734.8988	1069.701364
735.8578	438.186618
736.8489	136.427871
743.8576	95.893716
745.9040	122.107181
757.8859	205.497105
758.8601	183.227510
759.9021	1762.681610
760.9079	981.070168
761.9414	2084.529548
762.9439	1008.595678
763.9076	430.756977
764.9056	142.753863
771.9074	176.578884
772.9003	106.574195
773.9044	124.889154
783.9384	105.018958
784.8837	113.208537
785.9429	901.376248
786.9481	601.281798
787.9489	3316.079762
788.9506	1862.833421
789.9553	1248.837414
790.9476	515.191157
791.9414	198.035574
792.7418	94.084418
796.0898	81.363071
796.9733	83.416161
797.9110	151.535716
798.8632	98.393507
799.9967	288.656762
800.9548	172.774811
801.9408	189.574657
802.9093	97.576941
811.9911	400.758280
812.9592	339.944931
813.9851	2334.549572
814.9947	1585.407547
816.0002	4609.127720
817.0017	2506.292730
817.9962	1180.698242
818.9998	433.143335
819.9016	190.938328
820.7966	125.260611
821.6395	97.071030
822.5631	97.515093
826.0468	152.738023
826.9588	147.533021
828.0077	239.636162
829.0375	154.566576
829.9966	206.479226
830.9915	116.892855
838.0009	148.890697
839.0066	136.736492
840.0069	811.864826
841.0378	561.807563
842.0103	2589.797118
843.0149	1593.036724
844.0462	2842.691169
845.0493	1497.157070
846.0486	640.002465
847.0041	244.038508
847.9648	106.568004
854.0588	90.086844
855.0846	89.231631
856.0413	131.754121
856.9758	88.241413
858.0084	126.437929
865.9965	137.826282
867.0458	108.425000
868.0491	552.601185
869.0907	370.020369
870.0875	1225.792399
871.0938	715.524461
872.0871	687.545507
873.0894	355.357646
874.0848	157.834446
896.0950	125.258020
897.0479	81.183527
898.1019	226.552385
899.1420	101.604634
