26	12
100.2435	1618.305372
102.1204	5917.635128
103.0076	7031.581389
104.0141	23869.579932
105.0993	5998.543099
106.0981	11560.018021
106.9690	10280.274152
108.2075	4775.851694
109.0043	9102.412277
110.2055	5356.819296
111.1872	4457.762099
112.2012	2639.508243
113.1093	2527.178450
114.1129	1035.921217
115.1463	1234.331346
116.1582	815.009064
117.2416	1104.065280
118.1988	1287.638406
119.1569	1645.038885
120.1067	6328.966341
121.1908	2898.637949
122.1475	3764.740149
123.1980	2154.694571
124.2046	2380.970871
125.1554	1876.378581
126.1931	1043.246719
127.1612	1144.253548
128.1908	1027.792025
129.1980	912.898529
130.1132	1299.071542
131.1612	1235.326389
132.1481	1972.262299
133.1583	1965.448972
134.1922	1638.119899
135.2012	1594.069077
136.1979	2276.474776
137.1985	2202.177546
138.1954	2180.206561
139.1975	1808.471633
140.1631	2258.560088
141.0975	2890.166677
142.1954	789.516125
143.1511	932.244230
144.1492	1087.090949
145.1631	1538.228611
146.1958	1233.227680
147.1958	1172.214887
148.1628	2026.813523
149.1619	1726.594470
150.2359	2341.468676
151.1988	1578.868621
152.1631	1551.894420
153.2326	1467.037352
154.1943	1112.148601
155.2039	1011.764461
156.1564	782.657990
157.1064	1457.181887
158.1487	1137.235354
159.1558	1180.833904
160.1950	1090.033323
161.1580	1505.588231
162.1662	1185.756206
163.1662	1184.512702
164.2337	1251.018373
165.2006	1194.198080
166.1967	862.328038
167.1682	1146.805763
168.1579	1207.032524
169.1604	847.420591
170.1589	690.576376
171.1966	788.921601
172.1563	835.441464
173.1589	734.715277
174.1541	1176.850416
175.1553	2146.923096
176.1995	1530.221668
177.1626	1115.146039
178.2349	1341.832657
179.1998	1039.595991
180.1522	1222.856964
181.1593	1136.305789
182.1604	661.399615
183.1979	660.944128
184.1593	649.299608
185.1577	756.129341
186.1630	850.440607
187.1561	857.495264
188.1939	923.703954
189.1625	861.297569
190.1675	807.740539
191.2011	940.649613
192.1996	1134.338876
193.1656	1251.968967
194.1971	712.730198
195.2011	800.820215
196.1587	643.102651
197.1587	689.647027
198.1601	586.636184
199.1597	604.841078
200.1656	760.567119
201.1552	624.640102
202.1644	911.461227
203.1979	792.841295
204.1625	907.738158
205.2321	836.817668
206.1969	690.685867
207.2016	788.035625
208.2021	766.867224
209.2085	742.406763
210.2052	685.546347
211.2044	686.717781
212.1958	742.686096
213.2491	854.200012
213.9128	1331.078211
215.2615	956.300474
215.9394	2166.398902
217.2450	823.669429
217.9405	1133.138657
219.2379	1106.090205
220.2007	683.945611
221.2442	1029.410175
222.2042	709.415127
223.2051	673.059487
224.2009	790.491044
225.1981	583.079514
226.2028	734.273815
227.1635	586.187780
228.1577	618.567843
229.1999	592.974879
230.1987	543.337104
231.1617	635.556793
232.2039	606.287922
233.2386	614.801494
234.2393	571.647360
235.2376	700.431020
236.2016	636.146937
237.2448	699.937961
238.1989	649.581780
239.2554	1222.575986
240.2079	759.279591
241.1925	508.850214
242.2392	940.961581
243.2101	622.958360
244.2032	676.826993
245.2024	580.814182
246.2079	564.568788
247.2397	627.203016
248.2032	587.796640
249.2141	607.649129
250.2073	638.459079
251.2023	654.388105
252.2440	654.802682
253.1993	629.313670
254.1981	542.000282
255.1686	481.866360
256.1979	482.813270
257.2107	516.372964
258.1989	479.246744
259.2564	2347.437503
260.2156	898.142232
261.2138	908.555909
262.2061	621.850738
263.2081	763.260951
264.1227	668.200089
265.2928	1222.925722
266.1991	817.325057
267.3356	3774.506634
268.2880	974.848170
269.2030	533.733254
270.2033	395.603532
271.2053	474.135911
272.1996	445.919778
273.2401	490.743768
274.2056	448.124872
275.2391	571.962753
276.1900	564.546453
277.2465	752.887284
278.2146	534.123036
279.2486	510.028116
280.2091	431.790442
281.2151	417.714802
282.2077	393.949608
283.2068	358.015097
284.2460	350.250676
285.2468	393.039208
286.2026	432.724807
287.2072	472.790052
288.2082	507.934548
289.2073	568.337663
290.2113	591.121248
291.2500	651.982001
292.2021	746.332599
293.3448	4684.176285
294.2918	1317.565816
295.3460	3019.575002
296.2885	828.382150
297.2450	559.372664
298.2109	441.605931
299.2477	442.809855
300.2047	452.737928
301.2084	447.523283
302.2446	457.248908
303.2951	533.390215
304.2517	565.102033
305.2924	601.861997
306.2498	462.879698
307.2911	539.030969
308.2498	347.816164
309.2906	394.000522
310.2069	331.572666
311.2072	389.373998
312.2381	434.637936
313.2452	482.992033
314.2312	497.251361
315.2345	516.899777
316.2479	532.816763
317.3835	1294.336760
318.2587	813.175274
319.3628	4203.474359
320.3435	1351.734673
321.3588	4864.045707
322.3546	1364.525622
323.2640	805.401068
324.2949	548.423658
324.8036	533.633995
325.2819	437.025136
326.3193	429.070622
327.0878	401.270539
328.2094	389.310843
329.2160	364.774247
330.2480	354.530639
331.2492	419.157621
332.2151	384.072203
333.2967	600.137648
334.2841	384.715932
335.3501	813.599346
336.2917	445.960979
337.2936	403.051145
338.2522	337.218665
339.2890	336.728170
340.2480	327.288465
341.2126	379.914471
342.2933	351.059086
343.2058	357.029387
344.2856	366.099151
345.2847	390.103675
346.2884	354.537819
347.2865	393.239765
348.2489	365.481793
349.3045	515.492750
350.2530	384.518905
351.2956	577.213317
352.2811	359.456509
353.2840	347.444053
354.2445	286.611596
355.2545	311.216505
356.2440	304.896968
357.2836	400.538363
358.2456	325.669032
359.2913	401.129178
360.2822	329.607198
361.2519	439.187873
362.2478	391.279720
363.2541	532.595153
364.2819	351.739260
365.2924	459.488724
366.2529	334.085167
367.2580	284.968752
368.2510	304.533085
369.2830	341.872780
370.2165	308.081653
371.2431	284.506826
372.2932	290.757017
373.2869	321.475451
374.2514	265.416798
375.2906	350.814966
376.2888	307.395822
377.2952	408.913353
378.2629	305.811892
379.3023	520.672156
380.2950	308.420771
381.2870	360.755735
382.2504	289.155184
383.2067	308.280945
384.2144	314.671027
385.2444	300.513111
386.2419	289.943996
387.2169	432.144958
388.2113	315.058634
389.2528	541.470166
390.2163	354.272530
391.2878	478.706336
392.2951	309.888955
393.3002	309.521766
394.2578	230.627940
395.2976	233.107158
396.2887	244.750746
397.2915	231.082724
398.2877	238.121765
399.2946	243.880571
400.2524	215.222450
401.2881	266.849095
402.2861	246.805038
403.2888	302.522096
404.2533	264.964589
405.3017	271.279231
406.2999	274.660669
407.3104	296.697800
408.2971	248.312516
409.2568	206.960738
410.2874	204.717350
411.2947	228.258802
412.2863	228.788445
413.3092	242.152551
414.2529	238.688654
415.2094	223.793938
416.2484	182.847906
417.2950	240.123340
418.2865	200.458242
419.2977	295.962032
420.2523	217.191876
421.2977	274.718628
422.2875	206.854108
423.2932	215.504870
424.2928	205.399785
425.2445	201.256885
426.2828	203.945982
427.2929	264.682055
428.2869	210.868309
429.3016	313.608757
430.2974	231.382228
431.2941	253.055235
432.2895	215.072415
433.3419	212.488667
434.2956	172.088866
435.2940	222.179663
436.2527	189.480251
437.2985	211.789528
438.2987	203.817358
439.2858	215.936983
440.2552	195.461433
441.2562	189.897632
442.2953	199.583337
443.2164	186.303740
444.2585	195.542636
445.2890	358.740681
446.3039	232.940357
447.2934	232.098828
448.2641	177.438496
449.3083	230.976619
450.3555	197.296299
451.2927	187.095029
452.2915	187.044107
453.2909	180.780986
454.2531	154.189369
455.2643	178.127844
456.2465	168.489878
457.3079	207.246013
458.2968	186.211202
459.2927	185.977781
460.2966	197.500414
461.2959	199.991078
462.2984	181.779076
463.3332	196.238656
464.3392	190.614082
465.3086	220.478560
466.2592	191.777380
467.4032	218.443920
468.3819	162.495009
469.3433	158.739358
470.2939	155.164999
471.2937	161.707859
472.2954	156.930102
473.2966	160.962533
474.3441	160.327963
475.3345	163.899282
476.3014	162.749645
477.2983	176.655844
478.3322	151.270844
479.3434	145.179956
480.3024	142.250230
481.3011	138.029232
482.2626	143.436528
483.3312	158.885737
484.3006	156.895599
485.2972	182.465777
486.3026	167.213014
487.2968	187.824530
488.3024	172.068925
489.3051	182.586694
490.3504	153.349859
491.3378	175.139261
492.3512	147.399414
493.4095	175.670564
494.3451	181.104349
495.4551	241.907671
496.3977	190.031018
497.3384	156.552326
498.3382	147.671690
499.2937	143.830685
500.2560	142.240585
501.2968	155.444661
502.3821	144.975208
503.3565	151.564808
504.3057	147.806151
505.3435	167.466571
506.3067	138.907597
507.3085	137.613731
508.3799	136.820768
509.3472	153.143140
510.3503	146.654034
511.2997	186.468202
512.3011	162.144389
513.3063	196.976597
514.3023	155.230681
515.3874	155.244750
516.3397	130.412738
517.3542	141.944458
518.3888	133.408263
519.4381	156.829564
520.3428	168.143940
521.5448	301.198272
522.4551	174.798101
523.5372	318.158638
524.4846	174.041430
525.3365	144.589146
526.2573	125.614825
527.3447	134.314234
528.3017	150.623440
529.3383	124.483508
530.3428	112.185024
531.3537	139.262888
532.3413	126.773302
533.3991	135.460619
534.4433	127.342672
535.4001	139.468910
536.3490	134.331902
537.3117	128.227276
538.3849	121.269373
539.3395	116.799888
540.3037	120.813743
541.3022	131.341358
542.3920	108.709259
543.3472	138.061050
544.3482	127.710538
545.4114	149.401198
546.3979	119.983552
547.4573	164.009006
548.3752	160.062169
549.5969	364.852107
550.5086	228.130129
551.5178	242.785731
552.5307	157.348129
553.3563	159.135310
554.3122	132.192916
555.3989	200.805160
556.3834	145.060568
557.3557	144.643521
558.4316	135.427310
559.4125	143.749745
560.3524	129.818855
561.5317	127.913758
562.3996	92.080731
563.3387	92.885840
564.3993	94.855866
565.3583	93.254914
566.2898	88.571582
567.2816	96.026100
568.2643	98.155170
569.3444	102.972362
570.4026	84.243186
571.4160	89.492982
572.4147	99.104615
573.4559	120.595948
574.4162	92.971330
575.6515	177.030904
576.4372	125.058251
577.6475	349.130752
578.6001	202.985335
579.5510	164.837296
580.4355	113.907625
581.3619	111.110662
582.4094	92.814926
583.3838	96.047270
584.4017	97.468618
585.4200	99.093539
586.3790	93.997789
587.5063	115.427935
588.3292	111.597687
589.4160	103.889611
590.3771	90.185503
591.4174	95.305688
593.3943	83.635684
595.3894	80.863670
596.3649	81.908933
597.3947	89.069675
598.3520	84.473960
599.4419	93.471603
600.4176	87.332162
601.3936	131.181531
602.3965	95.957493
603.6304	173.827904
604.4749	122.425649
605.6520	291.906133
606.6236	142.469748
607.5300	86.852054
609.3728	81.743871
610.6010	172.832678
611.5588	122.478574
612.4470	97.354355
627.3601	93.717184
628.4042	93.258991
629.4983	119.334840
630.5315	101.518113
631.6457	119.741855
632.5953	101.167415
633.6454	141.384497
634.5725	85.103112
638.6557	332.856130
639.6545	181.429467
648.3939	94.462496
655.4428	84.256302
666.6585	98.942444
703.8901	88.807884
704.6054	87.789530
705.8037	804.777386
706.8037	408.971195
707.7879	164.994837
715.8411	89.399196
717.7159	148.041185
718.6179	85.429843
730.7018	80.239561
731.8120	830.469683
732.8056	451.160897
733.8843	2475.162880
734.8898	1244.946911
735.8515	522.636460
736.7056	135.178957
741.6818	89.136012
742.6415	82.227805
743.7562	183.261756
744.7034	128.965077
745.7649	174.207703
746.7884	105.675684
747.7963	134.344571
757.9755	341.306714
758.7565	299.692675
759.8890	2536.501777
760.8916	1385.057268
761.9029	2601.580949
762.9048	1307.963645
763.9004	518.460707
764.8396	185.410381
766.4490	120.319281
767.3071	129.236482
769.0731	190.677350
770.7548	174.636149
771.8424	405.604335
772.7663	244.868101
773.8805	248.400006
774.9257	128.524822
775.8874	132.920899
776.8485	91.771170
781.6080	92.798772
783.9458	198.311221
784.8099	205.446285
785.9002	1579.906078
786.8225	1007.764670
787.9032	5222.991005
788.9041	3121.023037
789.9442	1882.411280
790.9347	809.986965
791.9319	331.399020
792.6873	210.147068
794.0087	240.854879
795.7508	259.364295
796.9402	233.649317
797.8061	444.487011
798.7934	263.107819
799.8564	624.700399
800.8597	437.057236
801.8934	410.470045
802.8465	217.391975
803.9500	167.549133
805.3242	122.462322
806.4040	108.795014
807.3676	132.655021
808.2018	125.881608
809.0232	149.071683
810.0009	181.824047
810.8979	171.824125
812.0616	799.612869
812.9309	617.797311
813.9444	4293.138445
814.9480	2765.066332
815.9584	6961.791377
816.9519	4157.240590
817.9089	2014.301649
818.9065	822.939736
819.9118	402.880252
820.8007	306.128955
821.6326	284.782478
822.5504	277.575565
823.7642	243.467276
824.8812	226.557241
825.9413	469.388915
826.8645	379.993812
827.9376	608.429411
828.9067	369.115993
829.9479	470.603159
830.9787	260.151292
832.1915	170.274206
833.7777	120.498636
835.5195	130.703465
836.7931	108.268509
838.0424	341.417326
838.9518	309.830396
840.0005	1595.402971
840.9147	1105.430459
841.9980	4752.643326
842.9983	2940.853499
844.0331	4762.960795
845.0361	2667.555400
845.9946	1212.086785
846.9436	517.989737
847.9376	255.464185
848.7922	179.814656
849.7553	143.027320
850.6329	119.561448
851.8554	169.908714
852.9773	113.930107
853.9973	261.559998
854.9629	199.956469
855.9965	292.810841
856.9144	213.649850
857.9939	258.841366
859.0193	151.537704
860.1601	91.281783
866.0738	273.655011
866.9195	272.496052
868.0439	1089.298490
869.0483	733.279517
870.0544	2176.262794
871.0518	1371.744705
872.0491	1250.995399
873.0490	683.501931
873.9985	291.286223
874.9793	111.759579
882.0015	109.662177
884.0321	98.553260
885.0944	80.489026
894.1156	89.173985
896.0883	235.943884
897.0501	180.777968
898.1023	416.257140
899.1047	234.303579
900.0936	127.289146
