28	17
100.2536	1308.101585
102.0821	4328.540248
102.9704	4857.374083
104.0051	29777.246297
105.1779	5210.016903
106.0908	13137.194553
106.7011	2146.350511
107.2694	2177.620088
108.2084	2066.667372
109.2713	1522.536889
110.2494	2087.310670
111.2049	1748.520016
112.1543	1196.234369
113.2588	1032.358564
114.3417	623.920971
115.2306	557.637339
116.1937	489.516864
117.1745	551.098621
118.0995	577.985392
119.0682	714.330419
120.1067	5006.272549
121.1648	1283.844996
122.1571	1828.430167
123.2409	938.247649
124.2860	1097.653584
125.1567	1329.453922
126.2853	543.566998
127.2523	661.665954
128.2521	578.974789
129.2225	433.969002
130.1592	433.157668
131.2441	520.986836
132.2001	438.953274
133.2102	463.730082
134.2513	457.298099
135.2546	530.368222
136.2164	892.890714
137.2491	975.963843
138.2470	979.224305
139.2504	897.062618
140.2524	1445.626983
141.0943	4454.599173
141.7023	370.037436
142.2458	470.962042
143.1060	858.182593
144.1997	427.983001
145.2491	930.009993
146.2577	442.597370
147.2482	445.313312
148.2540	744.773711
149.2501	665.434979
150.2535	697.150105
151.2857	737.479559
152.2834	620.235680
153.2546	820.912460
154.2859	604.159634
155.2587	445.391947
156.1355	274.853412
157.1020	1235.670031
157.6531	171.879293
158.2065	404.072962
159.1926	703.165239
160.2520	329.495250
161.2142	497.408088
162.2816	422.895549
163.2874	465.822078
164.2536	514.921502
165.2594	617.250685
166.2919	525.971891
167.2558	615.604148
168.2532	567.043100
169.2525	534.257961
170.2532	336.797663
171.2481	295.532203
172.2435	293.812005
173.2488	295.949103
174.2176	407.333275
175.2381	1722.858601
176.2512	610.254450
177.2501	647.097244
178.2578	686.895705
179.2598	608.823649
180.2537	563.576640
181.2577	600.582631
182.2924	404.063225
183.2950	278.018956
184.2893	297.885678
185.2451	460.485488
186.2173	345.611688
187.2509	397.133303
188.2537	384.525987
189.2532	456.957114
190.2533	499.981141
191.2613	623.742269
192.2675	844.372511
193.2595	819.404836
194.2596	533.427259
195.2950	525.416869
196.2573	511.922932
197.2020	388.026156
198.2857	325.638277
199.2500	251.219264
200.2827	287.312129
201.2853	341.030297
202.2564	485.432311
203.2648	588.231643
204.2606	581.900914
205.2596	531.151229
206.2571	454.953658
207.3005	646.663195
208.2999	670.676580
209.3049	506.591830
210.2984	469.424179
211.2951	310.316121
212.2527	311.685715
213.1492	364.459454
214.2903	307.227480
215.2486	338.512597
216.2583	446.830112
217.2891	466.254914
218.2662	453.200630
219.2664	2948.352862
220.2625	505.413708
221.3351	884.303901
222.2976	459.334176
223.3016	501.964949
224.2996	660.989852
225.2939	337.187169
226.3014	599.525911
227.2913	294.764315
228.2533	377.309618
229.2887	325.499662
230.2935	368.525873
231.2624	439.984598
232.2662	1673.446635
233.3021	582.408502
234.2676	811.882662
235.3380	497.572147
236.2971	437.912751
237.3039	475.422753
238.3018	403.417362
239.3472	768.537280
240.3047	434.398703
241.3000	295.554446
242.2648	954.722021
243.2993	417.946811
244.2616	1022.066788
245.3018	520.194166
246.3030	579.080865
247.3402	516.902398
248.3067	500.012661
249.3127	476.702722
250.3392	521.587824
251.3100	413.524275
252.3490	497.024524
253.3012	312.500273
254.2977	321.312405
255.3032	265.638779
256.2964	257.299524
257.3003	296.836447
258.3011	327.986913
259.3443	460.492996
260.3393	591.044665
261.3432	819.040718
262.3428	558.091841
263.3391	570.979202
264.3439	564.266901
265.3586	849.054489
266.3480	561.110298
267.3673	2581.527320
268.3545	688.055595
269.3011	385.249927
270.3003	368.546967
271.3022	321.659508
272.2969	267.082343
273.3054	283.113333
274.3434	295.890421
275.3427	346.669516
276.3031	383.789688
277.3557	541.553037
278.3497	481.749837
279.3573	434.011978
280.3482	344.853040
281.3441	333.636772
282.3432	301.393877
283.3404	282.142793
284.3068	233.396518
285.3453	243.441762
286.3048	270.843326
287.3419	410.303370
288.3067	395.573297
289.3101	367.843989
290.3462	487.589978
291.3133	458.455153
292.3523	489.289359
293.4388	4251.026604
294.3940	1076.439455
295.4406	2563.901691
296.3864	644.066076
297.3871	405.584079
298.3101	283.039026
299.3464	266.437667
300.3800	232.674393
301.3929	318.292599
302.3455	456.947989
303.4484	800.754115
304.3930	514.415940
305.4414	711.174146
306.3581	466.330570
307.3611	766.734945
308.3560	415.447217
309.3594	439.226446
310.3521	287.077792
311.3848	271.490247
312.3411	248.874693
313.3503	280.485487
314.3495	294.447795
315.3427	332.064360
316.3515	465.800428
317.4486	2072.563349
318.3973	816.867667
319.4564	8329.407805
320.4446	2130.198028
321.4563	6262.079006
322.4118	1504.406824
323.4448	1015.870040
324.3557	404.269856
325.3916	352.198313
326.3389	251.105410
327.3115	258.699633
328.3801	240.537997
329.3505	239.168638
330.3845	290.206038
331.3629	531.196262
332.3559	382.813589
333.4424	1194.084227
334.3951	543.582071
335.4483	2479.180412
336.4074	771.670659
337.4405	671.614276
338.3982	313.867101
339.4390	360.870580
340.3475	266.007849
341.4027	370.624590
342.3965	278.739911
343.3991	298.868938
344.3840	321.584936
345.3549	292.950693
346.3888	290.543787
347.3957	383.980584
348.3871	291.236092
349.4547	864.666852
350.4110	336.876716
351.4341	997.845993
352.3884	378.282546
353.3943	300.574310
354.3895	228.356482
355.3978	309.747509
356.3925	263.233104
357.4362	741.166099
358.3932	348.876900
359.4359	652.829786
360.3943	315.676275
361.4009	387.260381
362.3600	304.655647
363.4381	449.201743
364.3933	286.083883
365.4402	465.524277
366.4000	273.349070
367.4450	311.620104
368.3946	187.317062
369.4044	251.790889
370.3884	214.960947
371.3917	220.175616
372.3965	205.199491
373.4017	330.326182
374.3973	212.484022
375.4073	311.948428
376.4049	240.428485
377.4488	415.980492
378.4000	275.902205
379.4435	763.702370
380.4359	342.913841
381.3973	404.041053
382.4004	222.343484
383.3931	186.448114
384.4008	184.173849
385.3968	183.538169
386.3915	174.006348
387.3949	228.480023
388.3949	218.957040
389.4062	292.393104
390.4096	233.001100
391.4511	335.985036
392.4406	251.670183
393.4515	372.220310
394.4076	237.529479
395.4523	292.201880
396.4138	196.437358
397.4022	211.151525
398.3952	163.404311
399.4013	163.369861
400.3978	180.957375
401.4015	200.233910
402.4038	194.038151
403.4427	261.911025
404.4061	253.795629
405.4499	326.436030
406.4418	275.606353
407.4577	381.702236
408.4433	251.988616
409.4499	236.312026
410.3932	190.310052
411.3978	212.098430
412.4336	149.323757
413.4071	164.454910
414.4005	157.637157
415.4091	189.693643
416.4146	168.354706
417.4499	240.802016
418.4471	206.942156
419.4425	466.372477
420.4437	279.325332
421.4428	360.253290
422.4470	241.565452
423.4430	274.275504
424.4019	182.617582
425.4067	226.624558
426.4018	156.106629
427.4052	285.492684
428.4415	150.958879
429.4491	274.260618
430.4451	204.745472
431.4501	198.113005
432.4798	213.231180
433.4910	244.699903
434.4929	224.423017
435.4535	269.049141
436.4901	222.027370
437.4504	228.552981
438.4823	188.680495
439.4877	167.964652
440.4430	139.100642
441.4099	177.069169
442.4446	154.617407
443.4077	184.159008
444.4544	160.503279
445.4436	684.538114
446.4423	313.749787
447.4479	269.674594
448.4553	234.835377
449.4984	241.013346
450.4953	216.171225
451.4964	205.696805
452.4882	168.301183
453.4860	168.070188
454.4847	163.947132
455.4138	159.451466
456.4418	149.842643
457.4463	178.246796
458.4511	155.573173
459.4838	172.044126
460.4878	176.502354
461.4955	210.620839
462.4881	223.381523
463.4896	246.965698
464.4914	247.610104
465.4920	248.362598
466.4481	182.211814
467.5137	247.337486
468.4987	166.965682
469.5021	172.531686
470.4897	160.960502
471.4871	151.595229
472.4929	154.713792
473.4887	160.458561
474.4934	171.450999
475.4962	182.169287
476.4945	193.841565
477.5026	190.711283
478.4882	157.634467
479.5022	187.660094
480.4945	155.883623
481.4928	151.396435
482.4615	139.847034
483.4990	150.730887
484.4884	150.571670
485.4900	165.771846
486.4910	174.768466
487.4946	156.290558
488.5008	151.231969
489.5029	172.183494
490.4974	176.486244
491.4952	196.158916
492.5039	168.310061
493.5899	199.363846
494.5065	165.808456
495.6035	261.845783
496.5515	160.545520
497.5019	147.179046
498.4981	141.526915
499.4965	145.156098
500.5004	138.935522
501.5329	153.066373
502.5051	169.765911
503.5939	254.850656
504.5487	176.539809
505.5498	280.964056
506.5431	183.304577
507.5530	182.771517
508.5496	130.986453
509.5355	127.749850
510.5442	143.544555
511.4879	216.145573
512.4897	178.255680
513.4908	274.897682
514.4987	192.753970
515.5411	166.925924
516.5432	146.465734
517.5653	180.057104
518.5947	191.556485
519.5481	225.306764
520.5487	180.084482
521.6160	303.708943
522.5991	206.973050
523.6556	696.549391
524.6116	302.005642
525.5629	170.416696
526.5431	145.495765
527.5484	131.381615
528.5453	162.713102
529.5524	157.555780
530.5477	157.435888
531.5944	197.573789
532.5436	147.227341
533.6171	298.084059
534.5936	189.949414
535.6047	198.387107
536.5514	150.811025
537.5538	138.977100
538.5502	119.884642
539.5502	115.771436
540.5464	122.666270
541.5512	134.793354
542.5559	147.993884
543.6386	167.839181
544.5940	171.013758
545.6428	204.022231
546.6377	165.371195
547.6502	246.402665
548.5991	195.474015
549.6964	664.902711
550.6551	329.077340
551.7020	848.588811
552.6969	381.822735
553.6021	254.462541
554.5621	152.737500
555.5924	234.574981
556.5910	182.484887
557.5549	146.494397
558.6051	122.083775
559.6499	212.556653
560.5585	143.851700
561.6973	270.592989
562.6929	183.780611
563.6612	191.582632
564.6009	159.459578
565.6000	158.710172
566.5603	127.995603
567.5869	103.373340
568.5200	94.127065
569.6011	115.773609
570.5880	128.935425
571.6888	140.873623
572.6455	124.023044
573.6624	197.487523
574.6373	146.085498
575.7084	364.276811
576.6972	222.718897
577.7472	999.700496
578.7430	502.786705
579.7441	513.204194
580.7022	248.677111
581.6511	147.190695
582.5985	104.813417
583.5996	111.431125
584.5507	104.172046
585.6444	117.176354
586.6487	112.629032
587.7040	212.440217
588.6409	160.683045
589.7021	184.542219
590.6471	138.566374
591.6592	162.284501
592.6513	110.230939
593.6412	114.955659
594.6119	85.821451
595.5571	88.953372
596.5960	83.421948
598.5947	83.602618
599.6389	95.939163
600.6907	110.009577
601.6992	179.955299
602.6533	134.852571
603.7526	565.723817
604.7164	281.846755
605.7614	1052.940858
606.7925	498.348448
607.7518	295.855721
608.6542	126.188033
609.5984	86.213759
613.6505	98.789556
614.6113	128.671858
615.7009	117.750931
616.6768	107.423227
617.7044	137.007330
618.6898	111.922201
619.7469	123.472395
620.6508	99.758372
621.6816	100.255872
627.6926	80.539993
628.6883	86.839052
629.7194	189.146775
630.6639	148.071553
631.7926	449.065560
632.7496	244.609241
633.8063	509.273610
634.7988	237.366752
635.7901	134.368975
645.7421	95.582327
646.6985	84.441614
647.7131	107.242929
648.5910	336.630949
649.6082	148.990344
650.5902	86.220991
657.7940	92.689524
659.7919	131.362918
660.7464	91.926481
661.7925	96.247983
677.8513	345.980576
678.8479	147.924409
689.8878	164.360460
690.7608	87.005698
703.9011	451.740823
704.8920	279.613655
705.9059	3339.703991
706.9088	1562.323947
707.8968	649.281962
708.7980	190.669978
715.9066	217.566182
716.8174	135.098113
717.9455	531.767293
718.9438	277.337456
719.9033	307.774049
720.8959	136.744832
729.8977	249.041079
730.9118	160.801243
731.9462	2678.612494
732.9874	1481.661637
733.9870	8768.583864
734.9888	4798.309729
735.9499	2010.737197
736.9096	620.870886
737.7682	155.898892
741.8958	162.859498
742.8389	160.012464
743.9503	481.668509
744.9579	297.707151
745.9917	707.512865
746.9555	383.581722
747.9498	500.501275
748.9482	247.884124
749.8394	133.752881
750.7499	81.453347
751.7953	101.572872
752.7894	101.084528
753.7968	90.634866
754.7977	92.394785
755.9544	134.625143
756.8550	94.064725
757.9902	1034.763269
759.0001	661.332870
759.9996	7875.937793
760.9994	4349.832297
762.0075	9418.074719
763.0016	5113.681426
764.0005	2123.417572
764.9526	675.399613
765.9131	205.967654
766.6546	159.897538
767.7697	172.684063
768.9440	178.086164
770.0292	337.612938
770.8935	223.975687
771.9971	959.027546
773.0335	528.003326
774.0025	692.982541
775.0081	352.344114
776.0346	426.809179
776.9986	200.965980
777.9700	134.727136
778.8758	100.448191
779.8563	108.222794
780.9080	103.414899
782.0084	124.546760
782.9765	106.272635
784.0090	556.555864
785.0470	361.828469
786.0103	4009.464043
787.0481	2473.546108
788.0965	10812.107834
789.0485	7987.542054
790.0835	5929.036073
791.0489	2491.977864
792.0434	973.807995
792.8839	373.058073
793.5493	258.833788
793.9990	249.482781
794.6464	277.757833
795.4131	291.377153
796.1312	317.038799
797.0405	288.261167
798.0439	765.478436
799.0506	494.907076
800.0819	1374.905526
801.0469	809.403222
802.0499	910.289759
803.0142	492.916314
804.0616	362.441726
805.0808	217.533797
806.0460	154.856892
806.9417	143.561399
807.9453	146.751423
808.9530	142.242850
810.0452	362.461713
811.0240	234.761799
812.0929	1937.154218
813.0975	1283.540300
814.1323	9235.635874
815.0980	6059.139885
816.1542	10914.095138
817.1373	9371.501016
818.0979	4606.409043
819.0972	1871.615719
819.9694	707.436033
820.8705	397.064013
821.7580	331.816360
822.6405	305.231762
823.9901	348.921037
825.1481	291.757762
826.1369	823.808554
827.0961	585.361349
828.1371	1221.608983
829.1380	713.005343
830.1395	951.226723
831.1077	547.873631
832.1355	314.299753
833.2038	179.699549
833.9662	165.513057
834.9061	140.216777
835.9980	169.993723
837.0302	148.946276
838.1398	719.876397
839.1514	502.729232
840.1509	3493.889977
841.1559	2277.372611
842.1606	9310.118846
843.1592	6052.324641
844.1624	9576.074872
845.1581	5648.745977
846.1531	2502.195025
847.1055	968.708438
848.0115	404.462411
848.8964	220.254732
849.9416	190.594030
850.7762	128.861717
852.0203	305.891481
853.0719	198.367660
854.2332	543.666074
855.2049	333.590562
856.1606	582.290924
857.2342	388.808292
858.1946	492.107648
859.1977	316.112652
860.1891	148.990445
864.1076	132.237007
865.1639	106.409013
866.2301	683.863267
867.1590	476.985172
868.2001	2439.731594
869.2366	1506.271202
870.2392	4787.372183
871.2458	2845.463618
872.2485	2696.258985
873.2460	1312.216248
874.2049	561.655747
875.1406	178.891524
882.2360	175.225832
883.1573	104.980835
884.2524	200.696005
885.2475	126.608228
886.2437	132.942987
894.2479	256.638106
895.2042	176.077514
896.2539	626.422465
897.2501	379.617570
898.2876	886.551588
899.2979	506.672388
900.2502	287.736858
901.2068	126.331833
