24	19
100.6497	511.519176
101.8025	938.325351
102.9994	1161.632909
104.0394	14207.674147
104.6555	1210.922598
105.1225	1437.680922
106.0476	3497.765652
107.0405	1043.179405
108.0894	913.038993
109.0922	820.399276
110.2012	1009.525769
111.1569	770.715090
112.0991	531.806380
113.0952	469.166423
114.1444	348.804481
115.1934	370.787110
116.2424	296.280529
117.2832	307.615170
118.1972	311.048995
119.0630	389.668233
120.0876	1508.874646
121.0997	773.530379
122.1042	727.649983
123.1498	495.896100
124.2003	517.778243
125.1587	426.710842
126.1031	277.637427
127.1673	327.936859
128.2664	264.990212
129.1550	247.604080
130.1014	326.586555
131.1133	314.476127
132.1080	459.194622
133.1567	334.429943
134.1997	362.111768
135.1988	336.656634
136.2012	527.289017
137.1996	443.339601
138.1957	486.822615
139.1964	392.521255
140.1871	413.274316
141.0500	454.587666
142.1545	213.990654
143.1535	238.287536
144.1461	253.140851
145.1945	294.171856
146.1968	279.591122
147.2026	288.300188
148.2024	381.943649
149.1969	393.436841
150.2000	380.150636
151.1933	359.930799
152.1928	372.067434
153.1977	367.872710
154.1980	279.464678
155.2081	243.859194
156.1419	195.539111
157.0603	255.001433
158.1817	248.184415
159.1875	238.757519
160.2025	221.405956
161.1571	288.378956
162.2031	273.155388
163.1934	317.846897
164.1961	338.639135
165.2064	321.217355
166.1967	225.225351
167.2070	266.975751
168.1506	265.280956
169.2006	227.058300
170.1962	167.252565
171.1925	152.646528
172.2008	156.919567
173.2009	162.695956
174.1950	254.395068
175.1501	441.780101
176.1981	343.198563
177.1999	328.293649
178.2051	345.567465
179.2000	307.438105
180.1124	258.876128
181.1955	294.642800
182.1992	192.309043
183.2057	196.465970
184.1966	176.018063
185.1488	133.546147
186.1935	179.914220
187.1569	211.165444
188.1923	218.700713
189.1978	206.647846
190.1972	217.663114
191.2001	283.096581
192.1622	297.445890
193.1591	611.082214
194.2011	202.628062
195.2026	226.564813
196.1976	167.435955
197.1992	156.821799
198.1902	145.408422
199.2052	141.242106
200.1984	190.795586
201.1937	160.972972
202.1996	254.061338
203.2071	196.749085
204.1913	214.898437
205.2371	208.141994
206.1926	174.376103
207.2026	240.080181
208.2091	185.389590
209.2062	194.871803
210.1959	161.370900
211.2070	147.681967
212.2021	164.664922
213.1961	166.851027
214.1135	151.896221
215.1991	225.826035
216.2360	557.836382
217.2010	235.153653
218.2091	203.452621
219.2378	305.080668
220.2080	165.695026
221.2548	434.147811
222.2132	190.533047
223.1967	197.378675
224.2013	186.185207
225.1975	143.423176
226.2011	178.801897
227.2008	160.163314
228.2004	162.501215
229.2024	181.843229
230.2029	175.607258
231.1606	293.088699
232.2019	204.341409
233.2014	193.920767
234.2021	187.164712
235.2410	220.145699
236.1662	449.466066
237.1920	183.197508
238.2049	188.817646
239.2572	245.580894
240.2017	184.265702
241.1992	150.157819
242.2048	224.650289
243.2517	253.616113
244.2069	149.389266
245.2428	229.858922
246.2066	157.078054
247.2451	173.196764
248.2112	159.676967
249.2084	178.786669
250.2079	158.148828
251.2081	174.409100
252.2876	146.228283
253.2463	177.871365
254.0937	175.019378
255.2082	165.698134
256.1581	144.489319
257.2505	212.922637
258.2933	224.264003
259.2609	3679.155143
260.2551	1009.032413
261.2586	790.202364
262.2175	282.602927
263.2100	219.297468
263.8553	581.033952
265.1656	230.541119
266.2003	177.795849
267.3000	506.676158
268.2535	218.560328
269.1974	121.480589
270.2071	96.894103
271.1963	116.369615
272.2005	106.641496
273.2089	138.758724
274.2419	119.667447
275.2148	142.538168
276.2133	148.367780
277.2451	172.576634
278.2143	151.300900
279.2535	154.055839
280.2142	135.043684
281.2055	129.231504
282.2028	129.735548
283.2406	120.379912
285.2072	113.241491
286.2019	111.546999
287.2145	122.486038
288.2491	144.853331
289.2461	159.063020
290.2455	155.373237
291.2507	159.292080
292.2497	143.682268
293.3387	581.334418
294.2528	200.398110
295.3373	399.921562
296.2494	144.947004
297.2138	108.849812
298.2006	108.682287
299.2084	106.209730
300.2092	98.758733
301.2055	115.407096
302.2555	199.340158
303.2494	147.657338
304.2997	486.477502
305.2529	189.691384
306.2845	159.135841
307.2545	165.982460
308.2466	95.768455
309.2501	115.522220
310.2034	81.567100
311.2091	100.890749
312.2019	89.847200
313.2500	112.760056
314.1990	103.237925
315.2074	104.727430
316.2558	110.572229
317.2928	161.233020
318.2558	108.776715
319.3419	353.266029
320.2928	141.599895
321.3458	478.867446
322.2912	216.453027
323.2878	164.035281
324.2429	209.373113
325.2048	199.403699
326.2112	143.731767
327.2497	101.668799
328.2537	109.907862
329.2877	101.470915
330.2845	99.520461
331.2874	101.211599
332.2061	97.349387
333.2914	113.790561
334.2463	85.250358
335.2963	121.187507
336.2538	110.254124
337.2874	94.070217
339.2942	103.824597
340.2493	85.391468
341.2922	154.283662
342.2554	105.303552
343.2424	89.725068
344.2844	102.113094
345.2862	87.448430
346.2895	96.119780
347.2897	150.843037
348.2499	103.000586
349.3071	155.067938
350.2481	106.816282
351.2526	187.608981
352.2515	207.159295
353.2461	118.762859
354.2126	115.541797
355.2537	92.420150
356.2960	90.470881
357.2514	84.173648
358.2909	90.575835
359.2470	93.230500
360.2560	83.064458
361.2945	116.245030
362.2495	103.784561
363.2887	123.533111
364.2849	104.055874
365.2525	140.087075
366.2516	170.474284
367.2557	167.364021
368.2389	874.882709
369.2389	273.517645
370.2496	199.517387
371.2508	112.447363
372.2975	132.509849
373.2503	92.447480
374.2579	100.292021
375.3342	91.841810
377.2558	118.386945
378.2903	105.048978
379.2529	131.186361
380.2938	109.189534
381.2546	99.561028
382.2450	84.104584
385.2880	87.501336
387.2536	93.979088
388.2893	88.452839
389.2882	87.395987
390.2858	92.512558
391.3005	178.773399
392.2913	99.628151
393.2956	127.693404
394.2927	88.425303
395.3520	119.709662
396.3006	95.179805
397.2833	89.382206
400.3005	82.864575
401.2870	80.582913
402.2884	80.109710
403.2870	80.714432
404.2879	84.382213
405.3051	107.054071
406.2855	106.514419
407.2998	115.109752
408.3011	83.096258
409.3332	88.135262
411.2981	109.714565
412.2096	86.357894
413.3009	97.447620
414.2986	83.535357
417.2586	81.136761
419.2967	99.125356
421.2968	112.099225
422.2557	83.831670
424.2904	81.938631
429.3093	101.206924
430.3090	85.977459
439.2889	80.075533
440.2992	83.986791
441.2964	85.103897
442.3076	81.419749
445.2880	114.889590
446.2956	84.382555
447.3092	84.512124
449.3113	94.354268
462.3034	80.710337
463.3048	84.519588
465.2952	87.794491
466.2948	80.849740
476.2974	81.058278
478.2938	84.132314
503.4574	126.880243
523.4111	143.513181
524.4406	82.199485
543.4004	87.375647
545.4622	84.985471
549.4885	143.687280
550.4008	80.054562
551.4896	152.336858
552.3946	90.375137
555.3957	82.469478
577.5051	215.031795
578.5014	109.054586
579.4900	117.465313
603.4553	116.305832
605.4997	204.227301
606.4989	93.911920
633.5056	85.480286
705.6398	367.442524
706.6083	193.575040
731.6451	278.352267
732.6526	173.203818
733.6469	1096.216625
734.6547	532.727776
735.6500	191.807929
757.6480	130.982469
758.5708	81.538170
759.6522	960.548948
760.6886	531.387217
761.6902	1062.821639
762.6903	505.099540
763.6856	210.180711
785.6910	481.811366
786.6576	309.776394
787.6900	1924.362573
788.7037	1029.312168
789.6928	689.792291
790.7039	295.847626
791.6349	97.979511
799.7572	117.677237
800.8017	96.049982
801.7425	102.834715
811.6896	210.351685
812.6958	158.973189
813.7031	1380.932246
814.7093	790.056912
815.7082	2525.732417
816.7099	1338.380939
817.7441	680.927004
818.7040	244.842184
819.6119	80.416927
827.7874	126.460974
829.7031	106.832936
839.7068	460.933509
840.7440	304.725941
841.7457	1520.842193
842.7528	832.182844
843.7831	1485.841593
844.7873	795.252277
845.7554	337.713337
846.7475	129.924920
855.7507	81.558105
865.7045	90.945252
867.7494	294.612396
868.7505	192.830902
869.7800	659.842794
870.7881	384.423982
871.7884	398.877046
872.7874	205.805451
895.7485	88.834297
897.7561	105.490924
