24	13
100.2546	1087.280270
100.9102	1209.153281
101.9442	1789.942642
102.9879	2083.631832
104.0411	13566.055168
104.6586	1387.693635
105.1272	1707.576762
106.0568	3519.530466
106.9117	9405.227927
108.1282	1597.950739
108.9140	8718.915342
110.1917	1256.534662
111.1165	1422.223912
112.1454	712.128830
113.0845	1103.046007
114.0906	308.998429
115.0610	511.170579
116.0489	252.631073
117.1514	348.131792
118.1079	295.171897
119.1482	450.340123
120.0558	2025.707679
121.1853	745.031769
122.0961	934.450662
123.1911	669.272517
124.1531	519.087650
125.1106	661.440916
126.1099	306.251290
127.1052	461.480079
128.1021	318.651660
129.1526	289.589110
130.0580	414.823657
131.1057	374.022203
132.0977	833.046171
133.1129	594.433646
134.0520	653.308216
135.1885	551.711038
136.0947	757.713752
137.1518	723.014029
138.1483	513.742797
139.1553	495.218062
140.1524	575.470222
141.0535	785.411827
142.1929	205.011328
143.1076	268.567372
144.1030	430.327855
145.1532	440.445901
146.1125	297.300224
147.1557	326.154981
148.1468	465.911072
149.1555	511.712852
150.1569	486.315175
151.1495	490.161368
152.1521	431.053837
153.1536	466.266051
154.1510	318.129463
155.1565	361.211637
156.1470	266.340974
157.0929	432.369736
158.1472	295.447190
159.1514	363.561867
160.1528	255.260500
161.1480	407.452721
162.1469	288.510293
163.1547	346.162588
164.1536	300.375638
165.1524	404.529848
166.1555	268.221245
167.1522	407.087375
168.1430	443.218387
169.1101	312.252695
170.0969	230.026177
171.1515	247.922024
172.1030	271.369200
173.1143	285.830681
174.1128	304.335608
175.1375	568.858244
176.1546	437.550298
177.1451	380.712000
178.1638	387.950900
179.1529	369.502228
180.1410	473.291043
181.1533	406.545801
182.1525	220.994525
183.1990	246.251708
184.1519	186.287474
185.1446	230.094108
186.1544	190.090560
187.1479	244.474525
188.1541	232.502601
189.1464	254.807837
190.1527	217.333277
191.1588	334.166018
192.1533	386.523991
193.1567	485.743755
194.1596	237.821984
195.1565	301.091498
196.1561	226.828940
197.1102	276.312866
198.1553	187.747537
199.1511	199.813286
200.1471	202.125046
201.1533	232.986014
202.1535	275.265054
203.1555	267.181106
204.1512	247.069258
205.1566	344.879969
206.1544	279.690423
207.1932	396.140815
208.1911	423.766959
209.1991	424.933820
210.2436	439.436956
211.1324	496.329046
212.0867	419.390653
213.0699	490.444301
213.8511	1655.916591
215.1651	367.518021
215.8509	2633.911326
217.1912	356.953362
217.8500	1333.155588
219.1923	379.976316
220.2009	223.078600
221.1974	320.408036
222.2016	243.874063
223.1592	271.084638
224.1986	251.945235
225.1615	211.233449
226.1558	220.014534
227.1558	240.443772
228.1454	206.054854
229.1931	195.300903
230.1914	201.640973
231.1618	230.635191
232.2012	169.573298
233.1964	235.876006
234.1976	192.328721
235.1981	292.442807
236.2025	208.627943
237.2059	279.690251
238.2006	202.838080
239.2532	534.646446
240.2070	273.938512
241.1975	187.211371
242.2059	274.689049
243.1926	244.015377
244.1947	203.633647
245.1530	209.862255
246.1939	172.749126
247.1988	185.301802
248.2009	195.058640
249.2072	217.928632
250.2012	202.624338
251.1998	241.608794
252.2075	221.706197
253.2341	233.831078
254.2016	163.370509
255.1959	150.461695
256.1994	133.009408
257.2076	167.539415
258.2035	160.872464
259.2453	382.326972
260.2037	187.842353
261.1996	329.508643
262.1965	200.934730
263.1964	265.203931
264.1990	202.897820
265.2568	525.018636
266.1717	241.331247
267.2636	1786.773477
268.2540	382.584628
269.1985	235.546381
270.1642	128.949842
271.2048	186.976397
272.1975	128.446273
273.2120	137.053958
274.1906	151.854249
275.2416	176.997925
276.1974	184.077493
277.2463	244.201434
278.2057	176.120579
279.2542	213.146043
280.2514	150.979447
281.2437	181.397754
282.2025	119.854348
283.2143	136.023762
284.1989	109.369227
285.2084	143.876085
286.2052	120.581350
287.2018	162.967118
288.2018	165.341340
289.2065	205.778539
290.2031	185.057207
291.2549	296.669199
292.0833	203.639667
293.3336	2127.927674
294.2556	511.749518
295.3350	1447.804170
296.2879	374.494858
297.2525	214.588644
298.2026	132.350196
299.2115	163.128750
300.1686	113.986189
301.2512	164.848100
302.1998	134.940428
303.2998	234.434362
304.2425	177.624623
305.2562	244.679386
306.2860	179.987246
307.2519	218.641527
308.2502	144.377813
309.2871	181.375677
310.2030	135.241012
311.2120	166.584631
312.2428	120.530511
313.2043	158.889531
314.1588	152.684878
315.3039	178.160089
316.2138	183.696632
317.3047	505.310323
318.2516	334.272433
319.3465	1905.929016
320.3410	556.470424
321.3443	2163.114818
322.3536	551.788555
322.7778	406.893248
323.2504	354.415468
324.2115	214.861013
324.8277	330.246066
325.2830	191.675235
326.2425	159.586287
327.1333	218.451402
328.2061	121.394622
329.2826	160.346720
330.2120	135.105592
331.2131	176.441273
332.2133	134.158663
333.2535	218.621993
334.2088	149.679743
335.2944	304.824377
336.3011	159.330498
337.2852	156.071937
338.2508	122.954320
339.2926	148.972479
340.2092	120.139445
341.2790	151.664196
342.2370	121.213216
343.2445	143.122707
344.2165	131.732671
345.2477	193.205839
346.2421	130.397063
347.2184	162.058814
348.2913	121.099264
349.3007	207.726503
350.2477	111.893001
351.2907	205.111492
352.2431	123.749659
353.2603	133.616796
354.2927	110.114555
355.2938	131.632411
356.2471	112.982874
357.2519	181.816640
358.2557	101.703535
359.2863	221.857480
360.2541	101.671051
361.2453	321.744973
362.2108	132.163665
363.2511	315.799769
364.2477	142.871927
365.2501	210.201180
366.2060	107.853760
367.2948	115.478454
368.2486	112.371929
369.2842	121.459540
370.2938	102.738463
371.2843	113.954097
372.2489	103.605384
373.2149	148.226875
374.2155	118.703667
375.2892	154.019971
376.2608	93.555549
377.2958	192.964721
378.2517	120.110736
379.2941	217.795503
380.2893	113.719905
381.2858	134.894309
382.2496	95.005710
383.2792	108.808801
384.2514	95.540398
385.2909	204.371596
386.2504	126.105931
387.2530	417.099439
388.2444	155.902106
389.2552	477.345015
390.2462	181.213210
391.2568	312.375516
392.2943	120.312159
393.2935	152.291914
394.2930	105.166869
395.2563	88.600044
396.2578	81.543324
398.2997	81.785781
399.2506	83.393068
401.2936	99.940257
403.2936	140.064193
404.2877	93.162049
405.3018	130.062021
406.2860	88.546856
407.3100	134.191323
408.3437	88.843529
409.2932	102.233641
410.2863	90.133627
411.2919	94.682986
412.2461	82.910556
413.3086	95.712392
415.2926	84.633369
417.3060	116.093940
418.2882	84.626161
419.2575	145.848189
420.2526	84.176834
421.2928	126.299991
423.2961	85.063297
427.3739	82.278222
429.3446	229.496819
430.3047	118.736647
431.3044	147.227488
432.3012	91.543829
435.3075	105.488986
437.2985	100.583620
438.3084	82.142569
445.2957	124.892329
447.2990	95.574364
449.2948	99.973274
457.3066	94.294181
459.2965	90.590012
461.3047	83.624080
463.3067	102.938805
465.3511	117.212149
466.3060	86.765925
467.4571	126.621086
493.5018	93.948228
495.5107	138.462113
505.3917	80.273180
519.3660	82.730851
521.5159	217.430745
522.5055	111.382756
523.5020	188.878860
524.4530	88.570758
547.5472	101.937677
549.5876	236.713658
550.5869	144.087539
551.5456	138.944346
575.5560	103.003663
577.5996	192.791819
578.5631	88.894910
579.5352	100.733812
603.5456	92.445879
605.5568	133.296079
633.6013	82.609749
705.7440	421.221580
706.7464	212.415392
707.6961	83.083511
717.7115	85.816563
731.7454	421.268819
732.7128	214.860560
733.7528	1262.043007
734.7574	625.825156
735.7530	245.582430
743.7495	118.289857
745.7508	119.499348
757.7835	191.093020
758.6607	132.143436
759.7578	1329.654998
760.7935	736.272194
761.7623	1345.454904
762.8028	690.729248
763.7896	256.317408
764.7127	86.003537
771.7941	209.952535
772.7932	129.273454
773.8071	136.640162
783.7570	93.256895
785.8041	756.618828
786.7977	450.891519
787.8042	2775.031589
788.8434	1524.015055
789.8077	934.072452
790.8373	409.809693
791.7592	126.070183
797.7986	195.404593
798.7605	134.528128
799.8109	352.408565
800.8454	211.321971
801.7995	176.201102
802.7575	99.918855
811.8114	382.981822
812.7636	270.861999
813.8416	2183.061810
814.8500	1325.670111
815.8500	3740.319304
816.8514	2139.179236
817.8501	1008.462459
818.8495	361.067452
819.7148	147.721429
820.6429	91.837457
821.5808	83.074217
825.8838	239.411745
826.8489	162.301517
827.8502	293.647964
828.8843	185.798963
829.8104	203.458161
830.8468	121.646563
837.8474	154.181701
838.8521	115.787734
839.8532	804.650384
840.8886	499.204271
841.8578	2430.550366
842.8917	1481.492762
843.8919	2494.565680
844.8962	1376.246493
845.8947	602.579306
846.8499	230.783512
847.7978	96.281867
853.8899	164.157133
854.9406	111.943739
855.8931	179.072163
856.8944	118.531781
857.8937	150.797906
858.8945	92.387685
865.8524	162.691861
866.9008	106.935822
867.8993	557.513117
868.9017	338.079393
869.9010	1190.340569
870.9013	684.016096
871.9047	691.392749
872.9075	332.401582
873.9086	146.205566
895.9003	143.628519
896.9110	99.794832
897.9503	202.062888
898.9432	121.394531
