24	12
101.1036	303.971638
102.0389	435.259849
102.9620	706.507414
103.9611	7456.933664
105.0897	1038.905940
106.0491	1979.734905
106.8995	9876.665434
108.9020	9271.112931
110.1425	663.505974
111.0905	1134.650839
112.0614	519.220437
112.9955	1101.923246
114.0769	218.622771
114.9991	495.300800
115.9794	146.657527
117.0942	219.229607
118.0623	158.024979
119.1017	277.505742
120.0375	967.059512
121.1055	535.439018
122.0080	508.534790
123.1449	452.017840
124.1054	338.755350
125.0539	529.557827
126.0553	212.207567
127.0459	386.681294
128.0455	244.911944
129.0965	211.747095
130.0100	271.507296
131.0527	215.920429
132.0519	317.357804
133.0919	376.565353
133.9946	439.476425
135.1106	423.216948
136.0057	529.777313
137.0968	659.134730
138.0125	355.275770
139.1028	332.451198
140.1005	256.190793
141.0052	517.152762
142.1482	143.199909
143.0892	166.117122
144.0599	192.678256
145.1357	239.615675
146.0502	217.195901
147.1040	254.554497
148.0532	311.671440
149.1026	434.704308
150.1008	237.467292
151.0937	358.835300
152.0613	249.349102
153.0945	355.439977
154.0971	230.378882
155.0995	296.190461
156.0986	141.748606
157.0072	384.541842
158.0914	158.599502
159.0987	285.788508
160.1034	178.865448
161.1020	301.184813
162.1003	181.302085
163.1000	244.304714
164.1065	183.908277
165.0996	312.148466
166.1067	175.071031
167.0655	319.413775
168.0621	213.009657
169.0945	224.040890
170.0132	185.390536
171.0982	215.459283
171.9926	220.947125
173.0516	207.112869
174.0829	202.650281
175.0599	311.257204
176.1012	287.205053
177.0516	332.694405
178.1508	218.420993
179.0878	237.471198
180.0548	213.010752
181.0926	254.840990
182.1438	144.119020
183.1491	200.951036
184.0998	113.943936
185.1382	158.949503
186.1014	146.245582
187.0615	156.708497
188.1013	131.244785
189.1411	193.097738
190.1063	126.746945
191.1439	189.833646
192.1012	201.838893
193.0985	371.597973
194.1423	128.037298
195.1426	238.163632
196.0993	127.385809
197.0981	208.908130
198.1447	107.343918
199.1026	151.336943
200.0904	111.948382
201.0965	157.131657
202.1338	171.680402
203.1145	166.954527
204.1057	130.161547
205.1427	182.994024
206.1077	130.525665
207.1137	163.638022
208.1130	214.252228
209.1902	235.860199
210.1584	156.085844
211.1961	250.689643
212.1485	202.779587
213.0747	275.108968
213.8062	1888.970519
214.4780	173.853928
215.1151	297.914931
215.8056	3195.065770
217.1036	227.777731
217.8055	1570.861153
218.4229	134.166571
219.1091	251.090507
220.1460	144.106428
221.1867	223.303218
222.1845	126.431265
223.1116	172.899421
224.1036	139.603867
225.1142	150.888217
226.1507	135.748208
227.1465	143.828150
228.1096	117.896814
229.1474	134.371806
230.1468	97.470384
231.1102	152.444268
232.1917	115.015882
233.1105	133.769304
234.1472	116.961534
235.1500	145.996617
236.1863	131.578574
237.1952	210.781110
238.1491	106.593517
239.2401	481.448151
240.1165	155.760471
241.1166	141.077929
242.2062	132.799726
243.1156	158.647997
244.1484	102.484168
245.1117	165.931663
246.1131	110.747850
247.1886	111.197704
248.1538	94.700856
249.1527	137.615368
250.1562	109.693871
251.1496	128.123020
252.1979	109.686341
253.1872	154.377163
254.1439	111.031043
255.1119	99.538361
256.1889	86.373457
257.2474	110.658563
259.1995	280.504236
260.1966	133.461207
261.1895	230.609377
262.1470	134.754316
263.1529	170.024735
264.1490	124.004349
265.2514	460.581664
266.2008	157.784319
267.2518	1488.446732
268.2158	334.223357
269.1543	181.977224
270.1045	99.268588
271.1994	156.651706
272.1426	95.258616
273.1900	112.758656
275.1556	119.215369
276.0122	109.063794
277.2002	189.852891
278.2004	109.582754
279.1680	131.832451
280.1958	109.509900
281.1994	146.232295
282.1936	94.026514
283.1589	84.381529
285.2544	120.287993
286.1546	112.978485
287.1518	148.844268
288.2877	122.231821
289.1912	189.562698
290.1562	108.888635
291.2079	205.369693
292.1715	115.559457
293.2619	2119.372106
294.2116	473.329162
295.2630	1290.855405
296.2415	301.144450
297.2366	198.916218
298.2700	110.060639
299.2090	151.551796
300.1183	86.200076
301.2054	132.422179
302.1895	103.509813
303.2868	212.215014
304.2095	118.684350
305.2879	203.153727
306.2035	117.053099
307.2835	160.538797
308.2443	92.359509
309.2180	131.571701
310.1971	88.376748
311.2480	141.233539
312.1393	99.909567
313.2473	150.056639
314.1912	123.106776
315.0846	142.523215
316.1953	110.673782
317.2904	396.089388
318.2562	202.706558
319.2689	1622.228481
320.3284	420.287934
321.3348	2144.253018
322.2986	461.329041
322.6982	477.875849
323.2916	309.552373
324.1777	139.991233
324.7470	415.490624
325.2894	178.292118
326.0898	93.241547
326.7630	162.301721
327.2121	209.627503
328.2413	99.048424
329.2122	129.000332
330.2062	85.198054
331.2102	131.166784
333.2864	135.790665
334.2027	97.369339
335.2908	194.057159
336.2842	111.886807
337.2134	119.722733
341.2118	109.846091
343.2039	124.583482
344.2353	88.503504
345.2493	146.737510
346.2834	86.271378
347.2132	122.788646
349.2962	154.496213
350.2534	82.526586
351.2882	158.758216
353.2879	115.578053
355.3029	132.677879
357.2134	151.903008
359.2841	132.325598
360.1972	84.618762
361.2441	246.033224
362.2518	94.760892
363.2439	257.028573
364.2005	105.346670
365.2444	155.297264
366.1987	80.049426
369.2430	100.103012
373.2081	88.592986
375.2481	95.133740
377.2945	127.230926
379.2509	139.848689
380.2509	89.416453
381.2504	107.553372
385.2030	111.370699
387.2435	288.537926
388.1972	116.535205
389.2451	443.454318
390.2101	139.773922
391.2479	267.393265
392.2434	99.195332
393.2882	101.278314
403.2472	96.415415
405.2958	83.045998
407.2960	93.511149
417.2529	80.643241
419.2534	109.667093
421.2586	96.451531
429.3406	173.188880
431.3442	114.712658
467.4970	120.011632
493.5004	83.582723
495.5140	164.503858
496.4692	81.463197
521.5491	201.186796
522.5169	95.938806
523.5139	169.371704
547.5096	108.638088
549.5615	261.682918
550.5935	135.266812
551.5137	114.915106
575.6011	97.925441
577.5994	144.802786
605.5501	94.330149
705.7045	185.540327
706.7062	109.883398
731.7426	180.218484
732.7471	94.321932
733.7510	549.946424
734.7568	229.784530
735.7524	114.121922
757.7154	80.224028
759.7526	566.994936
760.7923	304.790657
761.7597	503.889684
762.7983	244.864035
763.7860	96.921678
771.7579	178.292671
772.7958	90.898021
785.8001	315.661891
786.8005	190.019151
787.7981	1185.774007
788.8390	660.603855
789.8081	375.529151
790.7992	172.706109
797.7877	166.225897
798.7923	93.726752
799.8066	268.720090
800.8077	156.523942
801.7912	103.640862
811.8023	157.392353
812.8098	129.656729
813.8380	947.110531
814.8479	571.007693
815.8462	1579.001814
816.8496	900.455316
817.8448	439.661046
818.8130	152.248026
825.8461	162.650792
826.8385	122.993877
827.8099	203.558682
828.8464	111.777159
829.8100	112.265783
839.8515	351.993805
840.8906	233.394283
841.8548	1028.605493
842.8886	626.275219
843.8572	1056.651119
844.8904	579.521897
845.8918	253.417864
846.8142	94.780396
853.8127	105.688722
855.8485	103.876226
867.8911	228.239865
868.8997	149.603114
869.8946	478.099949
870.8931	286.476416
871.9011	279.814578
872.8988	166.104116
895.8888	86.532352
897.9044	90.019650
