26	24
100.3080	977.365082
101.0232	1198.152626
102.0897	2522.054207
103.0514	3313.262205
104.1034	13023.708508
105.2328	2848.083625
106.1505	4983.639769
107.0080	8704.415496
107.6451	1579.326301
108.1682	2561.372786
109.0115	7952.694838
110.2088	1993.138668
111.1932	2551.741493
112.2006	1218.730482
113.0405	2383.644605
114.0815	530.715731
115.0048	1195.681109
116.1056	389.041974
117.1575	506.614910
118.2056	509.234003
119.1666	708.446000
120.1488	2273.510369
121.2052	1112.302702
122.1861	1370.403001
123.2474	873.887982
124.2138	890.538281
125.1912	932.524648
126.1974	411.840200
127.1904	452.254296
128.2043	372.029401
129.2118	402.603146
130.1091	592.454446
131.2040	564.843521
132.1517	960.581921
133.2006	862.740910
134.1975	656.145373
135.2839	890.717690
136.2076	912.272795
137.2052	1159.205072
138.2069	815.526276
139.2031	788.092375
140.2087	957.606840
141.1078	1163.759106
142.1994	312.347608
143.1913	352.265848
144.1528	504.398842
145.2403	614.830485
146.2067	439.222984
147.2085	498.873356
148.2021	764.695388
149.2080	704.475551
150.2456	737.690739
151.2076	741.956086
152.1560	950.970241
153.2060	748.658115
154.1538	862.483231
155.2446	581.732893
156.1940	345.329188
157.0968	701.413172
158.1890	484.039463
159.1959	534.317359
160.2072	397.054835
161.2002	588.019840
162.2442	451.537343
163.2121	486.893954
164.2433	497.425628
165.2115	532.402944
166.2086	403.959302
167.2074	594.095292
168.1963	631.496139
169.1997	382.438774
170.1978	333.289004
171.2032	284.685785
172.1545	382.982188
173.1591	308.546739
174.2005	474.758464
175.2086	1257.138551
176.2578	1188.915624
177.2493	719.986278
178.2625	1207.458487
179.2484	518.082032
180.1948	595.386359
181.2031	652.368337
182.2031	286.075003
183.2105	352.114177
184.2042	333.247905
185.1962	312.155487
186.1997	340.355325
187.1898	331.887020
188.2110	334.062965
189.2027	343.123026
190.2462	336.774008
191.2543	436.071001
192.2478	512.836529
193.2501	574.604118
194.2449	337.556309
195.2451	360.819387
196.2432	306.414463
197.1615	340.250490
198.2469	269.835229
199.1970	257.945362
200.2419	292.827394
201.2077	273.584806
202.1997	379.600093
203.2461	336.486140
204.2064	310.287114
205.2486	381.386668
206.2128	309.135427
207.2830	334.166167
208.2095	329.343369
209.2888	391.184998
210.2866	299.050011
211.3442	401.399663
212.2234	473.983245
213.0701	577.423668
213.9075	2057.681633
215.1684	644.578374
215.9059	3132.328722
217.1204	463.981975
217.9007	1636.310183
218.4297	372.344749
219.3072	1082.662936
220.2983	514.636188
221.3419	1153.725420
222.2977	457.833192
223.2928	394.619038
224.2478	354.365211
225.2080	262.315345
226.2509	261.455145
227.2463	196.150919
228.2384	282.267787
229.2060	223.119512
230.2479	231.401225
231.2436	245.705939
232.2531	229.367953
233.2876	267.255284
234.2992	254.417828
235.2184	317.195149
236.2889	344.575485
237.2974	333.563305
238.2855	278.606199
239.3357	725.741379
240.2118	306.691039
241.2437	266.549979
242.2049	767.763542
243.1116	641.049329
244.2467	368.139694
245.0991	505.935504
246.3408	232.697411
247.2580	208.410827
248.0862	223.826784
249.1602	242.592176
250.2457	262.235830
251.1499	238.736718
252.2950	241.025739
253.2119	217.412941
254.2084	167.915560
255.2134	158.653176
256.2485	140.647678
257.2981	189.285855
258.3825	209.829975
259.3483	912.188724
260.2570	387.468325
261.1865	601.295961
262.2504	331.665754
263.1119	556.395636
264.2116	308.920734
265.3511	604.460302
266.3818	403.598234
267.3517	2526.541080
268.3071	561.841505
269.2900	274.412591
270.2493	173.298954
271.2993	199.159154
272.2471	201.356094
273.2366	190.348340
274.1683	174.767293
275.2000	221.266101
276.2022	246.468490
277.3048	293.011747
278.2998	207.618660
279.3043	224.696615
280.2986	174.269319
281.2969	200.376319
282.2940	178.165242
283.3038	145.714807
284.2524	171.103752
285.3415	184.177098
286.2537	233.644193
287.2992	195.605046
288.2891	210.635086
289.2892	219.796031
290.3009	223.502477
291.3463	314.796611
292.3993	334.578064
293.3625	3081.796502
294.3454	771.316902
295.3622	1996.128976
296.3099	446.263296
297.2989	257.580624
298.2850	167.270060
299.2916	203.530338
300.2961	143.914308
301.2942	158.206443
302.2932	177.446646
303.3389	187.214270
304.2957	229.481862
305.3861	279.928336
306.3013	195.715223
307.3905	363.320947
308.2643	184.521790
309.3427	206.394147
310.2590	136.761781
311.3047	159.373350
312.2619	137.809688
313.3424	171.507677
314.2580	156.313459
315.2912	174.873270
316.3037	202.026839
317.3602	267.585879
318.3462	265.633338
319.4093	835.879838
320.5188	476.568579
321.4404	2197.822443
322.3194	531.730744
322.7483	757.127387
323.4391	332.112162
324.2136	234.658172
324.8034	646.756396
325.3804	289.497493
326.2615	176.005974
327.1276	382.554407
328.2932	239.061616
329.2492	449.409944
330.2595	257.651247
331.3359	270.148641
332.3021	168.212537
333.3492	212.933318
334.3030	165.670637
335.3907	225.780699
336.3561	150.313380
337.3458	194.325967
338.3420	97.884333
339.3840	159.629606
340.3023	126.583610
341.2939	143.622969
342.3402	130.363902
343.3445	161.138666
344.4623	138.233311
345.3388	213.655201
346.4350	150.984465
347.3171	169.228982
348.3806	159.022258
349.5392	478.385816
350.2936	207.000361
351.4346	307.967466
352.2898	162.949852
353.3552	173.719800
354.4821	120.702308
355.3046	112.405457
356.4770	124.766152
357.3424	157.905003
358.3772	128.137521
359.3061	178.566699
360.3619	154.198572
361.3063	419.554423
362.2920	242.461022
363.3074	494.436000
364.3351	221.448000
365.3413	239.228146
366.3463	151.737847
367.3988	154.894183
368.3786	204.652599
369.2613	139.781989
370.2950	130.191767
371.3431	156.598711
372.3453	159.101470
373.3359	162.649870
374.3857	138.126744
375.3408	159.350860
376.3044	147.863011
377.3931	162.026720
378.3491	163.495598
379.4805	206.635024
380.2640	154.348969
381.3776	141.592949
381.9500	92.814802
382.3719	82.149564
383.2561	104.785379
384.2609	96.627437
385.3447	109.928107
386.3038	118.023532
387.3008	237.075998
388.3503	173.175741
389.3092	454.996212
390.3468	241.365412
391.3045	418.484385
392.3487	164.934853
393.3538	157.551929
394.4381	121.878919
395.3598	120.128722
396.4067	102.556312
397.3459	106.693876
401.3065	122.092941
402.3413	90.170926
403.3923	138.523871
404.3488	104.717233
405.3989	134.440632
406.3830	108.148430
407.3947	168.856716
408.3985	113.969394
409.3628	99.784220
410.3788	85.145859
411.3980	81.029206
415.3565	106.043985
416.3912	100.766769
417.3955	165.426002
418.4084	107.804312
419.3924	228.940898
420.2576	130.717593
421.3890	160.712909
422.3342	104.198600
427.3499	87.303658
428.3954	87.722130
429.4942	141.732414
430.4431	94.784559
431.4033	103.491127
432.3992	105.893004
433.4488	93.654094
434.3350	87.134172
435.4297	101.822483
436.3497	94.471904
437.3773	103.873449
438.3162	87.505863
440.2964	97.510165
445.4315	116.862631
446.4552	85.178266
447.3491	91.771287
449.3846	98.837801
450.3632	80.415533
463.4049	82.515598
464.4340	86.128573
465.4944	123.181915
467.5386	127.788076
493.5441	111.410516
494.4109	96.791167
495.5993	164.636019
496.5204	90.795178
502.6223	80.608657
503.7852	422.018300
504.6337	234.561086
505.5962	143.287719
511.4489	99.464696
512.3504	87.890332
513.4456	122.551516
521.6475	169.182988
522.5940	109.839705
523.6952	197.691217
524.5747	111.475082
545.8589	107.344617
546.7373	81.738351
547.6011	109.930620
548.6340	106.501737
549.7867	220.079148
550.7130	140.090926
551.6600	150.931943
552.5611	89.350169
556.5216	80.041360
559.6658	84.245187
571.5752	85.596041
573.5410	120.114989
575.7904	114.259840
576.6836	85.944785
577.8806	215.678601
578.6402	158.662945
579.6971	131.067443
603.7615	135.192302
604.6104	105.302932
605.9091	188.905157
606.8588	106.112624
627.6591	107.360775
628.5380	95.831998
629.6215	143.222496
630.5732	104.349150
631.8798	132.766944
632.8763	83.624568
633.8539	123.887610
634.8114	88.814111
655.6269	190.804095
656.6352	126.019273
657.6648	166.474433
658.6239	103.731162
660.1576	101.568135
661.8573	99.672351
682.4929	81.841410
683.4159	142.555481
684.5574	107.996701
685.5355	118.028364
686.6393	82.311602
687.7495	114.229745
689.7319	92.642423
706.0346	260.925613
706.9484	216.744937
732.0572	237.286063
732.8901	249.654907
734.0792	970.039463
734.9143	733.310537
735.9465	352.376170
743.8972	82.501516
758.0118	98.632329
758.8468	173.214086
760.0997	890.517626
760.9348	851.569160
762.0858	1065.448616
762.9646	729.434930
763.9180	360.798453
772.0837	145.290497
772.9520	110.728337
774.2414	86.669858
786.0095	450.166393
786.8030	605.966343
788.1478	2037.519077
789.0935	1802.493672
790.0883	1070.025824
790.9126	562.317283
797.9749	106.602574
798.8500	106.061574
800.0969	254.396049
801.0280	194.641734
802.3051	146.159491
812.0150	189.826534
812.8194	330.922940
814.0771	1469.502317
814.9360	1740.409160
816.1614	3264.781200
817.2205	2780.993909
826.1494	174.757520
826.9875	166.649391
828.1358	260.627826
828.9852	211.870240
829.9511	175.211603
831.2315	138.470934
838.7530	120.967958
840.1234	515.960978
840.9496	655.300059
842.2090	1838.763789
843.0366	1826.685786
844.0810	2334.007960
845.2103	1946.207565
854.1017	117.802421
855.0104	127.700480
855.9146	158.524799
856.9414	139.211203
857.9861	126.329986
859.1586	112.620000
866.6466	117.137130
868.2165	351.087733
869.0595	423.120834
870.1696	923.722479
871.0346	900.042301
872.4082	707.114276
882.8602	82.433326
883.7644	109.724457
884.5073	100.401689
885.1490	101.836057
885.9264	108.908650
896.6271	112.882695
898.1098	194.582957
899.1073	182.673645
900.3145	126.015491
