24	18
100.2476	975.512797
101.5643	1348.290978
103.0176	1868.579747
104.0008	13512.924646
104.6533	1679.877930
105.1325	1890.161646
106.0368	3297.453798
107.1344	1392.919475
108.0892	1342.430392
109.1396	1050.519187
110.1503	1345.994806
111.1409	1015.693973
112.1482	878.910694
113.0447	793.166513
113.6503	644.404517
114.2428	682.772385
115.2866	690.810068
116.3399	570.920995
117.1930	612.074783
118.1635	609.036942
119.1457	631.295277
120.0541	1453.962085
121.1030	840.181443
122.0915	885.199534
123.1878	673.453865
124.1571	653.503127
125.1792	539.708780
126.2776	441.119119
127.1512	441.311558
128.1440	432.578356
129.1976	406.778875
130.0951	479.113427
131.1086	434.391391
132.0521	513.457562
133.1159	478.439159
134.1945	455.958848
135.1896	451.481668
136.1975	599.549388
137.1938	493.473415
138.1586	523.587991
139.2892	432.757026
140.1127	489.970222
141.0800	535.301789
142.1968	313.395245
143.1442	307.926362
144.2156	354.807610
145.2686	363.211945
146.2041	301.300438
147.0840	347.042249
148.1919	398.751817
149.2381	375.537130
150.1638	431.859382
151.1902	360.055933
152.1602	381.089028
153.1976	364.576485
154.2382	317.433314
155.1966	236.136959
156.2098	237.434549
157.1038	310.949360
158.1856	288.378526
159.1481	286.359586
160.2418	249.802466
161.1490	322.056964
162.2082	270.222185
163.1991	313.074417
164.1941	336.455549
165.1988	335.356205
166.1627	274.664186
167.1644	292.946491
168.1224	257.960629
169.1561	251.382559
170.1509	210.025281
171.2044	192.407229
172.2436	192.765574
173.2384	200.126111
174.1671	260.353425
175.1096	392.076594
176.1960	245.219361
177.2008	260.596046
178.2008	296.101491
179.1890	268.015272
180.1494	227.778319
181.1910	267.317603
182.1963	191.703004
183.2069	192.042751
184.1569	164.738399
185.2308	169.152263
186.1961	192.440442
187.1612	206.776253
188.2001	187.169769
189.1576	222.021838
190.1530	204.302523
191.1978	264.784261
192.2053	260.348785
193.1581	324.707772
194.2041	180.046866
195.1949	199.754290
196.1541	160.987065
197.2786	156.935901
198.1536	130.292203
199.1120	146.549106
200.1952	183.157206
201.2441	161.276666
202.2028	240.716151
203.1966	209.342393
204.1938	215.068616
205.1998	213.430290
206.1603	154.356393
207.2010	221.085152
208.1977	195.039730
209.2117	168.676163
210.1991	171.043019
211.2524	139.826834
212.2348	152.127607
213.2018	153.626698
214.1483	138.488041
215.1953	154.807597
216.2079	220.051208
217.1889	182.080891
218.2071	153.429931
219.1981	292.118489
220.2406	146.155842
221.2077	193.527265
222.2002	177.548207
223.1979	167.972265
224.1945	162.862910
225.1996	144.548901
226.1976	153.482078
227.1975	119.430840
228.1962	115.881250
229.1946	135.503258
230.2412	126.431353
231.2405	217.960131
232.2355	134.654941
233.2066	159.166828
234.2010	165.005054
235.2056	164.764303
236.1953	148.156876
237.1999	134.239236
238.2428	114.884492
239.2486	192.790852
240.2023	152.569697
241.2430	115.538818
242.2025	225.204240
243.2032	150.948807
244.1976	155.233818
245.2075	140.499231
246.2128	138.235295
247.2083	182.587877
248.2006	130.543780
249.2047	148.651646
250.2075	158.627457
251.1933	158.068584
252.2108	125.650661
253.1992	111.231255
254.0755	85.594890
255.1562	106.878010
256.1121	81.821005
257.2463	91.589743
258.3712	122.907487
259.2563	725.028588
260.2165	225.076966
261.2130	241.998974
262.2490	148.119119
263.2863	159.861128
263.9217	247.933518
265.2561	186.099820
266.1349	129.166114
267.2657	391.889284
268.2928	174.099883
269.1617	101.303486
270.2544	83.043172
272.2467	83.780704
273.2829	95.630116
274.2582	83.312613
275.2101	116.932367
276.2141	146.599938
277.1997	140.034662
278.2482	127.706482
279.2546	88.976784
280.1973	100.235768
281.2127	103.367678
282.2843	87.059991
285.2028	80.916925
287.2097	89.907180
288.2157	105.825757
289.2420	167.445360
290.2118	121.965318
291.2490	117.723276
292.3282	107.190476
293.3337	585.116330
294.2867	188.158765
295.3027	301.157457
296.2166	117.556473
297.2166	93.351112
298.1976	91.380675
300.1999	88.872239
301.1996	92.764035
302.2109	97.645235
303.3325	97.713029
304.2610	290.059458
305.2839	145.132966
306.2540	137.639224
307.2516	105.240011
308.2509	96.663533
309.2843	82.841581
313.2555	119.600528
314.2400	88.694191
315.2030	88.513152
316.2510	118.623935
317.2945	134.802679
318.2891	131.502511
319.3022	389.633579
320.2918	160.525737
321.3377	501.117663
322.2936	151.880903
323.2948	119.035989
324.2869	100.671123
325.2508	105.149248
326.1921	87.110202
327.1974	96.306139
328.2437	90.276400
331.2493	98.314497
333.2866	99.356475
334.2999	83.439739
335.2859	97.407381
339.2971	115.424798
340.2898	86.133109
341.2634	258.783448
342.2988	94.850825
343.2167	91.492017
345.2529	95.230084
346.3341	81.943657
347.2924	139.127850
348.2477	102.510122
349.3113	130.866417
351.2435	169.229551
352.2469	102.362852
353.2063	91.624805
361.2497	80.254277
362.2498	83.425296
363.2911	97.575948
365.2600	87.813427
367.2992	221.732377
368.2485	139.684800
369.2657	197.163638
370.2159	89.308050
377.2544	81.532024
379.2542	104.382019
381.2152	85.386979
393.3048	95.152000
395.3060	122.875404
405.2999	99.362073
406.2957	81.124762
419.2867	80.803045
445.2501	84.210856
449.3556	94.489413
523.4109	128.524381
549.4524	127.418067
551.4532	169.222792
552.4820	92.543387
553.4007	92.192048
555.3599	102.877930
577.4945	221.680508
578.4981	121.575140
579.4951	161.073242
603.4495	115.895685
605.4992	215.507648
606.4899	96.535111
631.4984	85.996904
633.5076	91.628270
705.6025	216.186170
706.6453	99.542868
731.6081	167.811381
732.6445	101.683626
733.6489	543.902277
734.6812	273.970493
735.6479	115.026724
757.6476	83.458061
759.6809	492.595373
760.6937	250.237320
761.6914	509.110013
762.6942	244.525952
763.6518	108.997429
785.6591	230.065543
786.6888	155.541211
787.6886	908.230616
788.7006	486.508024
789.6930	319.992877
790.7092	157.078975
811.6524	104.771175
812.6833	83.847327
813.6990	657.432183
814.7399	347.963088
815.7055	1171.128308
816.7053	631.525147
817.7040	308.850852
818.7008	127.555659
839.6995	202.198509
840.7107	123.280918
841.7090	655.555663
842.7434	369.648547
843.7491	660.000745
844.7512	370.152541
845.7406	178.713718
867.7481	144.518367
868.7167	95.667145
869.7441	286.239379
870.7402	168.406251
871.7444	159.913639
872.8037	83.444850
