25	16
102.0254	1739.645620
102.9686	2110.581733
104.0094	19100.108645
104.6541	1753.283227
105.1254	2210.571451
106.0510	4975.486388
107.0476	1518.191255
108.0242	1356.460763
109.1211	1327.066830
110.1929	1626.331316
111.1513	1268.147589
112.0439	836.169543
113.0956	868.793851
114.0949	475.199830
115.0647	548.010536
116.0674	447.816583
117.1897	481.793640
118.1086	483.247179
119.1148	580.296285
120.0900	2291.550774
121.1108	1027.831301
122.1015	1289.412739
123.1560	821.237857
124.1955	819.314054
125.1531	625.766276
126.1136	420.763291
127.1574	457.549240
128.1500	452.170953
129.1898	351.996804
130.0955	615.997538
131.1526	584.790335
132.1039	979.068185
133.1143	666.656274
134.1118	553.926150
135.1960	544.483395
136.1932	797.988840
137.1930	675.825218
138.1891	767.951418
139.1899	627.473063
140.1576	751.010761
141.0834	784.497461
142.1486	343.220912
143.1526	385.064656
144.1088	582.213031
145.1876	547.338325
146.1869	469.261896
147.1915	430.219937
148.1914	672.878762
149.1895	547.693698
150.1996	604.122341
151.1575	576.996276
152.1588	574.508684
153.1988	546.809711
154.1897	426.334998
155.1941	363.028653
156.1499	349.985502
157.1047	460.654075
158.1481	499.938332
159.1835	388.356445
160.1932	396.955052
161.1517	580.530871
162.1867	455.846597
163.1907	440.097380
164.1630	531.940883
165.2051	526.007756
166.1994	381.604729
167.1984	429.075733
168.1509	508.813207
169.1983	392.099729
170.1899	311.398735
171.1542	339.048547
172.1567	367.735490
173.1882	329.101876
174.1562	456.245093
175.1518	638.773021
176.1591	522.351793
177.1589	422.962708
178.1949	467.803494
179.1963	418.160596
180.1471	511.981245
181.1898	457.074645
182.1969	311.283533
183.2051	265.013198
184.1931	325.038396
185.1553	268.791423
186.1968	304.386555
187.1524	351.297398
188.2008	377.536253
189.1943	351.039862
190.1572	344.654452
191.2049	380.949258
192.1971	434.403758
193.2024	473.945689
194.1915	317.603021
195.2012	348.035639
196.1941	285.410720
197.1548	262.456021
198.1928	261.449137
199.1570	259.921836
200.1554	310.942507
201.1570	296.487465
202.1982	361.186045
203.1986	333.409027
204.1982	305.230021
205.2025	369.653554
206.2022	285.176300
207.2050	341.369825
208.1998	316.193064
209.2400	332.474432
210.1980	269.626506
211.2020	234.801024
212.1928	288.791740
213.1545	285.583222
214.1574	291.989997
215.1883	290.785439
216.1558	348.719157
217.1959	310.809066
218.1927	247.936303
219.2425	668.421745
220.2022	275.630027
221.2451	371.318286
222.2091	290.885207
223.2038	297.266976
224.2060	319.196017
225.2011	227.330768
226.2033	307.595192
227.1946	249.216586
228.1980	274.632660
229.2004	265.402102
230.2016	239.287073
231.2441	263.839204
232.2425	354.461271
233.2081	234.880622
234.2449	287.993886
235.2420	295.860901
236.1964	262.836225
237.2065	269.249813
238.2043	283.942555
239.2531	392.781495
240.2015	327.176922
241.1988	241.836732
242.2048	338.921375
243.2411	243.911760
244.2413	254.510874
245.2116	224.197798
246.2430	219.418081
247.2432	242.748689
248.2098	215.352354
249.2462	262.225924
250.2432	259.802757
251.2423	287.778955
252.2466	297.421228
253.2050	254.476083
254.1986	222.228078
255.2019	196.226256
256.1998	165.517454
257.2491	203.927403
258.2095	173.097188
259.2569	317.534288
260.2195	245.279088
261.2499	268.237405
262.2136	259.570079
263.2462	283.807833
264.2032	285.313284
265.2879	327.413109
266.2511	265.576251
267.3415	938.655688
268.2936	321.568166
269.2055	208.513611
270.2113	179.671299
271.2458	193.813415
272.2415	173.387140
273.2118	172.370969
274.2466	208.660927
275.2146	212.280166
276.2469	245.633938
277.2507	251.561565
278.2483	240.311905
279.2848	231.150665
280.2516	201.683695
281.2502	179.594070
282.2132	179.456265
283.2831	166.497517
284.2482	159.752689
285.2488	136.163039
286.2072	156.329690
287.2482	187.375392
288.2500	211.027161
289.2130	236.323849
290.2491	227.593192
291.2506	233.096455
292.2533	234.967350
293.3518	906.000727
294.2975	314.051040
295.3547	690.919202
296.2928	286.809981
297.2476	183.644490
298.2439	161.397922
299.2512	169.602683
300.2177	157.906143
301.2488	187.177826
302.2488	208.642224
303.3012	227.134516
304.2524	213.866864
305.3067	217.128066
306.2927	210.942230
307.2960	254.319249
308.2870	177.446169
309.2551	174.461162
310.2873	153.719913
311.2493	161.429380
312.2045	145.329495
313.2472	154.947546
314.2818	186.445655
315.2424	184.201753
316.2528	231.867257
317.3550	412.506427
318.2951	269.046869
319.4321	1363.904067
320.3833	406.962726
321.4332	1311.254565
322.3133	350.559105
323.3132	307.376959
324.2891	211.318000
325.2894	191.555240
326.2114	176.158551
327.2124	160.130676
328.2500	151.960787
329.2862	163.565234
330.2919	136.219906
331.2867	144.380946
332.2894	163.552035
333.2980	210.528543
334.2891	172.509298
335.3157	220.120332
336.2972	192.664958
337.3044	185.581004
338.2954	171.527913
339.2903	163.273254
340.2546	174.232267
341.2939	171.551849
342.2918	165.875755
343.2551	150.427387
344.2885	177.885058
345.2860	147.920175
346.2918	164.495813
347.3019	180.823676
348.2920	175.527841
349.3137	181.177150
350.2927	138.981611
351.2945	238.407512
352.2925	171.086487
353.2865	158.783269
354.2909	145.898390
355.2911	119.540938
356.2854	112.801898
357.3014	143.343790
358.2933	148.120365
359.2908	146.906232
360.2860	127.176042
361.2982	143.846059
362.2932	169.772544
363.2949	163.959315
364.2975	158.674537
365.2996	179.402494
366.2884	154.093697
367.3032	162.341407
368.2552	148.724041
369.2956	121.629768
370.2640	141.262306
371.2561	141.773795
372.2932	128.267323
373.3034	137.936696
374.3016	131.990822
375.2917	144.915252
376.2973	131.796203
377.3421	192.285274
378.2972	153.405443
379.3439	212.390756
380.2950	135.594515
381.3041	155.693219
382.3071	112.379779
383.2855	119.135763
384.2955	112.129150
385.2924	149.519564
386.2994	126.771082
387.3014	140.892648
388.3080	136.253914
389.3013	145.723985
390.2960	126.032628
391.3059	152.470981
392.3118	124.181814
393.3845	148.538859
394.3098	135.793203
395.3822	142.182723
396.3795	130.694344
397.3479	118.978442
398.3084	121.814874
399.3005	121.458940
400.2954	100.514659
401.3039	111.146671
402.2937	114.971983
403.3133	130.563732
404.3453	136.144057
405.3841	129.165697
406.3462	128.905282
407.3523	119.646513
408.3079	136.379940
409.3472	114.784937
410.2986	117.066962
411.3067	123.719439
412.2970	105.389570
413.3116	113.245044
414.3420	120.591415
415.3013	114.709709
416.3526	98.384972
417.3468	100.580656
418.3077	110.143319
419.3477	147.506513
420.3102	127.318109
421.3491	136.467558
422.3099	115.340102
423.3081	117.429082
424.3080	106.933285
425.2991	122.492001
426.3091	102.614484
427.3090	138.189861
428.3074	102.514141
429.3494	138.484345
430.3483	100.197670
431.3813	103.931155
432.3491	103.705418
433.3506	102.770606
434.3961	105.444309
435.3981	111.075274
436.3156	112.341777
437.3515	101.607733
438.3463	108.471004
439.3117	121.900283
440.3120	103.560888
441.3461	124.097406
442.3128	108.927988
443.3021	99.906284
444.3548	87.576374
445.3455	244.169059
446.3472	144.731502
447.3463	134.926371
448.3865	110.060554
449.4005	117.470964
450.3969	124.403843
451.3556	102.106145
452.3799	107.184039
453.3913	108.148582
454.3826	93.702698
455.3464	90.243196
456.3492	89.748028
457.3843	101.400485
458.3527	85.456298
459.3518	90.830575
460.3481	101.154260
461.4002	94.159179
462.3957	103.195574
463.3934	100.081764
464.3520	110.436403
465.3927	104.687728
466.3909	103.574764
467.4503	111.691301
468.4096	99.136847
469.3915	101.166968
470.3911	89.704203
471.3908	85.132310
472.3950	84.919587
473.3967	80.919057
474.3869	91.144157
475.3553	86.373264
476.3529	88.371545
477.4312	91.105119
478.3498	90.310612
479.3899	80.348229
480.4031	86.528732
483.3529	84.952947
484.3875	83.530323
485.3865	102.473531
486.3904	105.787535
487.3860	88.594023
488.3909	94.164210
489.3974	84.065849
490.3908	96.431299
491.4005	96.145300
494.4002	87.659447
495.4531	83.276514
496.3631	81.471269
497.3605	86.477604
498.3970	87.027293
499.3962	81.772861
500.3922	82.997314
501.3958	81.919576
502.4319	80.839883
504.4007	93.139798
505.4034	80.801344
509.3958	81.912709
513.3943	83.988786
516.3918	83.772669
519.4509	86.586669
521.5295	88.915578
523.5108	150.814583
524.4674	85.891580
525.4034	87.601202
529.4606	80.656800
533.4989	82.308487
543.4648	89.183817
545.5489	105.644581
546.4935	80.343765
548.4942	85.414458
549.5908	137.135342
550.4990	95.023805
551.5960	191.654933
552.5349	110.981598
553.4973	241.033082
554.4885	109.674359
555.4677	411.246124
556.4995	171.049193
557.4914	161.120855
558.5366	84.258177
559.4644	93.732846
571.5442	82.136858
575.5639	97.570919
576.4619	81.187874
577.6083	225.563566
578.6065	127.291001
579.5943	133.392526
603.6063	119.751930
605.6508	217.682848
606.6584	103.433675
610.6516	95.925656
631.6935	108.941713
633.6900	139.628612
638.7119	108.594611
648.4893	93.116092
705.7984	242.404046
706.7959	123.384126
731.8041	181.637683
732.8053	127.721250
733.8474	649.562270
734.8516	333.095447
735.8475	146.639368
759.8529	569.345962
760.8886	303.164580
761.8584	695.340789
762.8966	367.118319
763.8842	141.007877
785.8954	293.260056
786.8940	182.720586
787.8981	1070.189442
788.9392	610.547961
789.9102	444.826572
790.8965	195.632868
799.9089	97.898040
811.8872	128.745112
812.8971	101.388336
813.9070	760.771975
814.9467	479.842472
815.9459	1372.675845
816.9485	733.363255
817.9058	391.810291
818.9048	162.310050
819.8027	99.270052
839.9480	261.696367
840.9148	182.308641
841.9521	778.509016
842.9916	439.438422
843.9564	822.018064
844.9902	421.834078
845.9555	188.453446
867.9868	169.138694
868.9965	111.399901
870.0050	352.084163
870.9987	197.098176
871.9992	194.751403
872.9959	111.429408
