32	23
100.6751	262.990074
101.6696	461.615612
102.7705	876.773974
103.8026	8405.611320
104.8972	639.291472
105.8013	1688.498910
106.8078	825.360731
107.8522	508.894388
108.8627	687.247614
109.9382	793.371748
110.8583	770.090000
111.8627	412.106428
112.7957	571.412964
113.8280	236.115255
114.7651	252.712748
115.8461	142.781250
116.7380	175.589871
117.9032	204.012222
118.9438	228.886328
119.8117	893.886485
120.8627	454.339073
121.8075	734.111652
122.9426	387.928406
123.9037	349.274736
124.8959	323.868103
125.9083	198.893214
126.9497	161.140940
127.9016	165.625438
128.9601	126.798733
129.8014	288.132152
130.9494	240.179663
131.8578	244.993344
132.9081	309.571444
133.8999	305.632085
134.9953	295.807430
135.9052	414.623453
136.9388	406.534639
137.9014	421.413709
138.9038	329.821218
139.9040	510.234703
140.8112	606.654271
141.9466	143.639854
142.8535	221.363967
143.9528	210.463202
144.9458	192.726289
145.9069	239.979813
146.9476	219.213992
147.9046	388.101183
148.9406	350.727527
149.9556	356.987897
150.9496	317.182294
151.9532	327.306956
152.9385	318.174620
153.9032	247.893196
154.9945	227.936087
155.9028	175.240654
156.8576	333.725493
157.8625	293.594475
158.9018	290.242257
159.9388	230.380269
160.9008	352.238188
161.9437	241.681634
162.9916	276.424888
163.9487	292.620930
164.9504	280.306674
165.9523	205.079141
166.9822	240.875413
167.9485	199.712494
168.9472	172.011868
169.9481	153.720618
170.9403	148.383281
171.9105	176.339956
172.9045	152.961896
173.9448	212.208117
174.9912	533.758003
175.9823	269.571137
176.9531	210.358411
177.9863	205.411296
178.9829	165.356851
179.9484	176.308994
180.9472	179.318540
181.9478	138.541076
182.9519	118.409648
183.9874	140.114017
184.9874	169.411895
185.9451	153.081965
186.9464	164.387362
187.9498	157.411787
188.9941	153.059506
189.9518	145.063274
190.9996	207.926724
192.0039	216.542239
192.9999	269.303932
193.9916	142.365263
194.9518	151.313709
195.9458	112.654505
196.9485	132.283512
197.9477	134.941312
198.9834	140.769206
199.9873	141.921925
200.9527	146.483304
202.0108	221.293832
202.9916	176.987814
203.9852	184.263637
204.9906	150.078564
205.9537	137.819651
206.9990	168.427866
207.9927	141.120504
208.9933	146.585189
209.9912	141.983399
211.0436	131.110544
211.9542	153.658269
212.9521	173.600608
213.9019	168.729432
215.0349	156.896661
215.8125	182.822962
217.0391	166.285711
217.8942	154.471635
219.0565	484.204509
220.0011	160.727020
221.0046	215.442398
221.9499	113.714792
222.9953	124.504468
223.9501	154.841745
224.9590	123.710251
225.9574	140.301254
226.9545	106.865327
227.9903	123.586842
228.9532	127.861883
230.0019	123.420297
231.1017	276.529021
231.9966	132.883674
233.0381	121.525825
234.0002	118.281402
234.9945	125.755840
235.9672	127.659415
237.0040	137.071378
237.9973	117.378818
239.0924	292.388432
240.0063	152.585212
240.9971	121.200967
242.0849	190.116388
243.0476	123.422409
244.0477	104.143743
245.0120	97.460249
246.0170	94.120805
247.1033	119.945004
248.0440	103.926671
249.0042	138.408181
249.9599	131.483462
251.0055	119.619265
252.0048	110.601492
253.0055	109.908699
254.0096	100.505141
254.9898	96.971991
255.9932	97.758638
256.9977	100.570858
258.0489	85.298089
259.1121	197.740228
260.0540	139.683775
261.0464	120.559247
262.0439	145.436601
263.0112	140.538764
263.9944	149.573346
265.1079	300.636745
266.0135	148.005596
267.1479	1372.659791
268.0613	283.227401
269.0579	146.019650
269.9565	101.962276
271.0816	105.564565
272.0107	114.951416
273.0003	102.350363
274.0047	100.759639
275.0459	99.827561
276.0146	149.383183
277.0964	179.973408
278.0036	125.947959
279.0463	105.614994
280.0159	100.671693
281.0575	87.830264
283.0621	86.855723
284.1348	86.478710
285.0990	96.573557
286.1310	102.317443
286.9273	92.778084
288.0408	123.327567
289.1048	157.249529
290.0847	134.762424
291.1063	169.324566
292.0568	122.223345
293.1635	2247.215004
294.1522	490.861240
295.1630	1215.796791
296.1371	283.264250
297.1273	164.764516
298.0133	118.800338
299.0606	107.432952
300.0937	90.308705
301.0587	86.925904
302.0040	114.880760
303.1822	116.429298
304.1427	126.161951
305.1987	196.488246
306.0995	135.278748
307.1494	240.067825
308.0937	85.918641
309.1569	118.043161
310.1001	82.832573
311.1457	124.754382
312.0916	120.847594
313.1026	116.942607
314.0511	102.963157
315.0247	95.422323
316.0148	106.221968
317.1921	234.545164
318.1450	128.211334
319.2382	687.315563
320.1547	194.076631
321.2388	1831.960469
322.1905	376.182773
323.1894	233.018175
324.1497	123.808592
325.0700	120.378788
326.0592	93.049622
327.0563	91.766671
329.0550	83.617100
331.1824	133.071579
332.1046	86.647126
333.2040	168.738922
334.1137	91.869468
335.1886	127.808521
337.0670	81.071661
340.1575	80.575103
341.1499	113.695773
343.1059	105.291650
344.1477	102.955418
345.1421	92.757645
346.0861	83.590360
347.1179	106.562051
348.1089	90.327181
349.2633	661.163122
350.2391	178.305558
351.1931	347.304994
352.0948	127.794575
353.1377	106.069313
355.1311	84.342940
356.1324	81.507453
357.1648	105.821867
358.1472	84.941865
359.1945	142.399245
360.1374	96.960096
361.1021	96.080970
363.1447	99.345310
364.1523	83.458837
365.1864	108.051229
367.2010	88.273189
368.1096	91.866997
376.1362	95.366946
377.2030	146.127999
378.1418	89.021389
379.1559	193.620156
380.1476	83.760938
381.1469	90.790967
387.1432	85.419221
391.1943	82.276915
405.1937	88.383833
407.2540	131.631781
419.1557	162.444532
420.1832	80.915392
421.1953	125.838149
429.2381	82.412513
465.2511	142.423712
467.3400	101.886769
493.3101	89.929409
495.4068	176.229983
496.3581	92.420365
497.2513	92.128445
503.4434	688.173299
504.4355	276.342294
505.3957	131.828904
511.1975	115.204450
513.2012	128.510137
519.3110	81.413447
521.4170	165.613313
523.4017	218.623453
524.3491	89.600385
543.4557	124.626473
545.4547	225.265400
546.4084	106.866528
547.4492	137.682190
548.4497	82.763549
549.4577	251.503334
550.4619	112.638029
551.4490	158.773532
552.3595	81.936044
555.3065	104.302364
571.4126	82.455387
575.4900	102.849299
577.4607	240.639257
578.5013	120.672555
579.4469	88.712847
603.4508	150.774865
604.4102	90.564342
605.4588	239.218027
606.4894	115.410819
631.4911	92.199768
633.4983	102.545183
705.5651	597.529251
706.6003	246.085992
707.5644	116.795068
717.6485	140.869797
718.6106	89.166866
731.6334	488.058692
732.6056	287.388971
733.6341	2103.126259
734.6411	1092.363493
735.6335	455.931771
736.5956	140.598813
739.6499	169.468593
740.6802	121.688675
741.6112	172.523449
742.6508	132.059293
743.6013	170.858862
744.6629	101.733260
745.6160	184.936377
746.6495	118.639946
747.6121	136.687304
748.6167	88.073216
757.6039	227.139177
758.6411	150.395644
759.6441	1759.004653
760.6460	965.863221
761.6490	2387.347523
762.6487	1236.980620
763.6479	543.529383
764.6061	199.247649
765.5584	83.919238
766.5040	103.599906
767.0932	102.980229
767.7016	127.588550
768.6284	109.282183
769.6167	136.644796
770.5340	124.692365
771.6887	290.768574
772.6646	177.296990
773.6568	173.624374
774.6220	112.637949
775.6475	134.755224
776.5681	92.415335
781.8315	84.165574
783.6753	128.043084
784.6820	101.822377
785.6513	964.525483
786.6529	577.761965
787.6535	3422.922697
788.6599	2112.077391
789.6547	1529.310081
790.6592	669.589781
791.6100	260.984101
792.5044	130.314673
793.3805	145.101081
794.1099	201.655863
794.9065	202.783150
795.6488	199.881238
796.6160	180.341133
797.7011	359.637709
798.7705	231.689879
799.7029	542.859792
800.7462	326.510890
801.6947	314.837375
802.6653	186.023593
803.6429	162.499513
804.5157	110.389185
805.5117	122.228613
806.4421	118.244107
807.3910	134.477069
808.3970	120.213685
809.6231	158.044496
810.8152	115.904273
811.6866	504.991269
812.7342	390.216820
813.6633	3044.752637
814.7005	1860.311191
815.7007	4553.742516
816.6979	3339.345526
817.7320	1707.471712
818.6934	688.415044
819.6350	304.098171
820.5058	205.275855
821.3642	222.279354
822.2452	210.484212
823.0537	183.565627
823.8329	194.587244
824.7463	192.930685
825.7100	371.356274
826.7557	307.423453
827.7063	450.319086
828.7073	275.992281
829.6963	367.429517
830.6992	228.594915
831.6623	149.463868
832.5790	125.877542
833.6573	105.804559
834.5948	94.946700
835.5530	121.401999
836.6581	112.163827
837.6577	234.924628
838.7857	196.253902
839.7026	1131.987022
840.7451	758.561692
841.7401	3392.511908
842.7431	2110.037161
843.7431	3650.746120
844.7435	2204.811078
845.7432	1026.826830
846.7020	417.080286
847.6513	213.042741
848.5350	164.568557
849.4133	126.201950
850.4343	108.629061
851.2281	97.753972
851.9274	105.237085
852.7903	104.796544
853.7521	217.777119
854.7964	163.198149
855.7482	266.873418
856.7868	161.963566
857.7475	209.661100
858.7886	143.825030
859.6989	98.743104
865.7031	213.786603
866.7853	171.590531
867.7473	781.607811
868.7503	497.883541
869.7456	1818.485754
870.7502	1071.523865
871.7529	1125.531283
872.7577	560.703512
873.7558	256.426728
874.7446	109.109666
895.7553	184.322670
896.8006	98.516139
897.7565	338.624341
898.7649	244.321459
899.8016	124.575263
