33	10
100.7222	820.573719
103.8582	7191.211459
104.9587	1077.622048
105.7845	1755.447693
106.7465	3796.392835
108.7495	3559.451116
110.0566	768.618493
110.9800	628.081084
112.0674	618.229782
113.0604	465.310556
113.9494	328.800262
114.8761	379.066888
116.0035	271.401876
117.0532	279.171841
117.9881	265.657900
118.8985	362.901422
119.8630	884.685343
121.0083	495.726151
121.9684	413.179374
122.9997	369.419038
124.0095	320.676575
124.9468	438.633432
125.9436	247.431700
126.9509	289.693606
128.0003	266.502800
129.0146	275.884456
129.9806	256.265563
130.9644	270.422953
131.9438	289.555224
132.9563	282.878564
133.8459	533.443662
135.0117	313.293694
135.8888	577.890346
137.0074	477.085993
137.9526	362.296400
138.9883	292.065594
139.9477	289.574919
140.8946	825.787852
141.9946	207.301549
142.9429	289.290451
143.9861	217.869682
144.9647	244.841521
145.9950	232.022398
147.0143	277.448127
148.0425	282.230861
149.0879	291.664410
149.9729	255.084519
150.9531	257.493009
152.0082	241.281738
152.9721	246.199234
154.0067	192.094986
154.9661	233.193029
155.9310	161.263921
156.8948	791.714580
157.9386	195.068648
158.9546	340.719961
159.9308	180.162948
160.9982	239.937133
162.0031	219.025391
163.0375	237.291054
164.0349	217.611315
165.0382	277.767311
166.0105	180.231213
167.0459	214.671957
167.8886	187.554571
168.9956	161.139509
170.0063	131.545666
171.0035	132.346160
172.0009	154.599131
173.0389	168.120289
174.0070	169.820618
174.9182	364.665971
175.9667	198.980026
176.9617	221.492313
178.0132	198.407335
179.0515	215.538025
180.0348	213.313324
181.0144	270.287068
182.0563	150.214171
183.0485	155.683435
184.0505	160.259297
185.0426	139.451092
186.0492	176.980277
187.0470	164.840650
188.0107	134.478472
189.0070	183.157620
189.9973	137.261666
191.0567	188.884251
192.0567	172.236936
193.0509	228.953044
194.0134	169.355597
195.0912	177.743409
196.0493	143.682986
196.9986	193.135073
198.0563	134.284348
199.0346	154.013059
199.9900	160.021499
201.0412	180.141480
202.0460	180.025860
203.0397	186.599706
204.0564	154.674147
205.0550	162.651625
206.0603	164.942876
207.0894	167.569362
208.0491	191.929192
209.1030	201.332240
210.0887	173.757722
211.0954	200.336459
211.9801	152.315446
212.9942	276.214416
213.7020	727.788554
215.0160	261.198540
215.6911	1242.166072
217.0654	201.477899
217.7001	622.607635
219.0903	288.040260
220.0494	181.784598
221.0580	151.462345
222.0914	153.330960
223.0541	139.846982
224.0410	144.384071
225.0525	146.243908
226.0501	143.918961
227.0460	145.181566
228.0879	149.345259
229.0934	137.942037
230.0497	120.713216
231.0838	143.692903
232.0899	117.880900
233.1008	115.953063
234.0950	119.694348
235.0878	125.660099
236.0937	128.660971
237.0970	158.445169
238.0892	118.921886
239.1015	195.586427
240.0928	145.153453
241.0584	146.746109
242.0958	166.324318
243.0490	133.953230
244.0961	149.716045
245.0906	118.667910
246.0908	105.559130
247.0954	112.439560
248.0905	124.625743
249.0557	120.605122
250.0929	131.522646
251.0950	144.390679
252.0952	131.766850
253.0583	165.914026
254.0902	168.811942
255.0588	127.786182
256.0555	141.567561
257.1020	108.632155
258.0984	127.392410
259.0966	128.101794
260.0935	122.276439
261.0959	129.805245
262.0966	141.605347
263.0917	154.433664
264.0983	134.245210
265.1866	210.300146
266.0919	137.082416
267.1535	431.173313
268.1832	189.816475
269.1102	138.589149
270.0997	101.562430
271.0943	109.694051
272.1062	102.891564
273.0626	89.256937
274.0866	104.825000
275.0419	102.831097
276.0962	112.266735
277.1138	144.028704
278.0651	98.942027
279.1432	110.552931
280.0996	107.085223
281.1391	107.519740
282.1477	120.034636
283.1942	117.296810
284.1549	104.872872
285.1429	111.665205
286.1090	99.694414
287.0587	83.612252
288.1026	88.165227
289.0959	117.163579
290.1055	107.864676
291.1012	117.430682
292.1436	104.824605
293.2387	593.525110
294.1870	213.313699
295.2072	399.441869
296.1091	147.354710
297.0995	116.683118
298.1068	84.363773
299.0964	92.340851
300.0956	92.513206
301.1594	90.911949
302.1015	105.623866
303.1830	129.895104
304.1498	108.237793
305.2004	165.306801
306.1125	98.984936
307.1523	142.151797
308.1458	81.606192
309.1005	99.513696
310.1091	93.376771
311.1981	119.910235
312.1043	106.171874
313.1412	113.695971
314.0995	93.653715
315.1028	99.483180
316.1415	101.223450
317.2114	347.681125
318.1584	153.963411
319.2525	662.089279
320.2393	228.377784
321.2507	719.262205
322.3728	225.013974
323.2101	170.882601
324.1248	126.338569
324.6186	137.807173
325.1822	93.322545
326.1708	108.675792
327.1475	110.186266
328.1411	92.312467
329.1537	97.469072
330.1488	86.668420
331.1077	101.749329
332.1513	90.205858
333.1085	115.278724
335.1112	107.610735
336.1117	83.759141
337.0948	95.663132
339.1503	96.378244
341.0992	83.276904
343.1060	118.956148
344.1524	97.458445
345.1495	99.459211
347.1014	90.453308
349.1374	88.189126
350.1076	86.410978
351.1073	101.097829
352.1004	94.174220
353.1958	82.254535
355.1953	86.672197
357.1841	99.039050
358.1115	85.114885
359.1859	97.535527
361.1460	164.316393
362.1037	92.015649
363.1408	209.315639
364.1005	94.558698
365.1436	136.550926
377.1898	103.445581
379.1488	104.977669
381.1859	84.836501
385.1061	137.742758
387.1418	245.036509
388.1038	89.781761
389.1490	292.441872
390.1825	110.413594
391.1513	190.072895
392.1500	97.382410
393.1876	87.772660
419.1497	83.193481
429.2162	140.576273
430.2066	96.378481
431.2473	139.805121
432.2031	86.019736
457.2902	109.810903
459.2494	118.193345
495.4557	95.874936
521.4688	99.270954
523.4963	96.444022
549.5462	122.603477
551.4955	83.512747
577.5957	144.108291
578.5993	80.982942
603.5164	82.205964
605.5947	110.185144
705.7100	150.651502
731.7121	142.744960
733.7515	398.751731
734.7911	195.195323
735.7093	91.618175
759.7884	446.206212
760.7947	262.115988
761.7927	506.722960
762.8002	229.647326
763.8021	98.099201
771.7956	106.953820
785.8008	297.643831
786.8033	162.031261
787.7985	1105.169062
788.8072	647.320381
789.7980	384.275900
790.7985	179.636179
797.7840	98.628528
799.8095	159.869571
800.8093	103.255802
801.7927	87.832958
804.5462	143.084937
805.5121	82.777634
811.7994	159.471048
812.7624	83.491743
813.8096	948.949407
814.8858	505.047240
815.8817	1434.482794
816.8846	824.119037
817.8452	386.830051
818.8126	133.798860
825.8794	114.718827
826.8461	81.428358
827.8471	154.411085
829.8420	92.280898
839.8866	327.350448
840.8895	211.190976
841.8874	1076.923652
842.8906	634.631358
843.8942	1045.340371
844.9011	525.001682
845.8916	237.600541
846.8472	82.334391
853.8975	82.017710
855.9011	88.277022
865.8873	98.809207
867.8968	292.950574
868.9083	162.962992
869.8981	533.052394
870.9032	319.895321
871.9037	304.326608
872.9028	147.827154
895.8934	89.685629
897.9559	108.807337
