18	26
100.9485	1540.122925
101.5010	1509.977481
102.0977	1551.418639
102.7994	1513.888363
103.8577	3149.739363
104.9487	1554.139353
105.8047	1677.110351
106.8231	2044.259433
107.8569	1448.049093
108.9153	1879.122104
110.1463	1559.160866
111.1361	1307.451277
112.0498	1166.532482
112.8457	1124.380703
113.5457	1052.882966
114.0506	999.032349
114.9422	1084.437468
115.9896	1003.175959
117.0991	923.190361
118.2020	914.921071
118.9995	942.691140
119.9487	1016.341809
121.0450	996.975853
122.1436	859.669735
123.1444	957.112305
124.1475	855.591605
125.1540	788.609906
125.9462	756.675838
126.5003	713.027688
127.0929	798.847267
128.0426	716.794172
129.0522	701.144097
130.0428	661.247601
131.0933	671.708395
131.9970	649.488694
132.9569	667.470129
134.0471	674.008950
135.1004	746.594483
136.0977	726.250899
137.0934	758.399712
138.0474	646.645983
139.0992	556.067807
140.1381	531.472370
141.0939	524.600375
142.0494	488.400002
143.0532	489.700802
144.0863	494.649821
145.1035	496.977982
146.1070	474.407987
147.1436	449.780174
148.1873	473.173524
149.1468	475.773985
150.1007	466.045751
151.0980	450.392662
152.0461	463.293513
153.0440	430.871545
154.1441	443.771847
155.0551	403.885179
156.0340	355.766054
157.1112	362.456367
158.1421	342.598613
159.0945	420.513871
160.0954	352.674880
161.0529	371.925528
162.0542	322.387013
163.0380	318.944129
164.0626	366.542346
165.0898	333.490171
166.0946	318.184391
167.0418	343.932391
168.0513	306.522879
169.0900	305.280963
170.0591	293.662008
171.0997	276.915192
172.0902	270.667260
173.0570	282.429786
174.0966	271.683413
175.0731	318.233096
176.1051	322.024275
177.0898	277.652370
178.0605	292.302381
179.0970	263.436754
180.1508	239.563437
181.0032	247.749182
182.0022	222.290757
183.1071	279.746735
184.0920	234.129873
185.1115	239.847870
186.0940	220.814091
187.0567	216.429611
188.0505	203.627146
189.0999	255.506456
190.0929	195.925411
191.1027	232.495036
192.0475	204.878752
192.9822	296.118677
193.9952	188.977762
195.0509	191.057513
196.0748	181.167088
197.1609	203.796635
198.0219	178.704495
199.0530	186.062341
200.0618	169.738381
201.0487	177.963383
202.0909	189.106142
203.1182	171.833066
204.1849	175.658588
205.0894	166.990456
206.0629	156.725286
207.0004	170.270841
208.0088	172.274342
209.1262	169.631866
210.1438	168.515797
211.1116	208.088556
212.0984	152.734605
213.0339	188.297845
213.7444	259.304554
214.3180	155.456690
215.0331	181.632462
215.7333	426.328828
217.0298	170.693400
217.7812	253.039191
219.1442	155.624900
220.1370	153.247124
221.1544	201.066964
222.1058	142.954195
223.1077	155.018759
224.1015	140.102264
225.1749	132.239259
226.1010	161.611092
227.1355	140.221715
228.1418	121.497477
229.1452	127.800289
230.1502	99.225353
231.0753	132.211486
232.2076	96.921611
233.1341	99.405452
234.2078	110.567808
235.0843	117.344373
236.1309	121.480808
237.1901	144.881391
238.1382	126.411865
239.1865	164.382078
240.1469	154.015424
241.0174	118.381010
242.1475	163.502561
243.0940	121.269726
244.1286	103.210176
245.2027	89.361595
246.0631	110.507116
247.0981	115.404185
248.0191	92.785102
249.1350	121.795092
250.2539	105.450499
251.0621	123.687266
252.0641	112.608740
253.1412	137.376976
254.1030	111.891057
254.9999	94.110728
256.0107	83.537631
257.1840	114.981648
258.0178	95.387874
259.1603	392.636687
260.0605	130.851009
261.1062	135.219938
262.0618	91.548343
263.0690	102.632652
264.0770	114.059923
265.0736	120.744376
266.0891	110.270285
267.1515	244.199352
268.1608	113.438561
269.0720	93.116235
273.1361	86.365877
276.0657	89.130167
277.1138	122.054811
279.1498	102.909263
281.0673	88.537966
283.0856	89.291592
285.2063	98.310389
287.1121	92.286612
289.1461	105.940568
290.1375	80.816363
291.1490	86.230725
292.1064	84.254152
293.1961	206.557922
294.1620	102.817030
295.2004	192.206566
296.1530	105.887648
299.1526	92.124335
303.1064	89.808433
304.2330	91.737612
305.1934	95.078901
309.1439	87.853713
311.2830	97.199714
313.1468	88.733834
315.0581	90.321862
317.1494	99.961122
319.1967	131.976854
320.6068	83.644057
321.2072	212.035330
322.1065	94.069945
322.7817	143.442069
324.1571	87.778161
324.6659	104.160213
325.1249	102.620353
326.1085	82.148123
327.1917	160.112270
328.1394	96.210414
329.1539	87.784917
341.1490	82.335757
343.1459	86.738172
347.2064	87.221033
348.1970	84.877205
351.1940	111.437090
352.2326	82.636875
353.1875	101.298579
355.1990	116.483334
361.1548	111.870623
363.1966	126.172030
365.1519	81.260066
368.1883	99.296985
369.2409	88.579560
370.1891	88.061879
377.1967	83.717754
379.2061	98.556345
387.1857	91.633646
389.1909	132.391428
390.1878	81.817129
391.1906	117.418076
407.2495	80.643122
421.2118	82.843361
465.2824	108.061402
467.4004	86.702103
495.4202	139.024649
521.5037	175.431995
522.4512	95.185651
523.4059	184.046004
547.4577	97.137020
549.5435	170.067889
550.4995	89.034734
551.4054	81.876149
577.4960	93.025625
655.3995	80.962650
705.5975	141.863465
731.6016	109.232288
733.6403	317.497950
734.6417	160.164512
735.6427	80.113581
759.6456	352.225551
760.6496	194.927481
761.6506	310.929474
762.6513	147.849293
771.6875	96.586113
785.6523	212.051110
786.6906	115.642232
787.6529	731.783726
788.6600	448.443257
789.6582	256.889273
790.6572	107.134546
797.6965	90.336291
799.6966	139.934504
811.6827	92.741966
813.6628	605.309419
814.7027	312.444106
815.6657	984.060186
816.6997	552.685391
817.6974	284.339365
818.7018	90.896731
825.7431	87.122328
827.7432	96.737317
839.7056	200.884576
840.7098	128.094748
841.7373	614.294564
842.7394	372.897422
843.7415	635.794498
844.7436	303.545769
845.7412	141.789149
867.7440	143.077242
868.7486	84.025696
869.7409	297.237285
870.7417	180.862243
871.7485	150.799586
872.7470	86.910998
