29	8
101.8696	618.118042
102.8853	1257.682423
103.9897	16009.160665
104.9751	1214.759477
106.0037	3289.775848
106.8578	7582.171796
108.8601	6980.985404
110.1092	1545.244909
111.0046	1370.236545
112.1038	721.757302
112.9151	1303.266591
113.9925	234.777357
114.9864	634.665913
116.0444	156.764745
117.0555	240.218088
118.0570	243.216781
119.0937	373.472839
120.0061	2049.976882
121.0861	699.581460
121.9955	1072.494650
123.0956	584.450562
124.0983	574.310914
125.0487	621.862008
126.0903	264.997074
127.0922	274.093839
128.0540	279.526349
129.1004	210.323155
129.9641	326.273000
131.0908	319.780775
131.9604	431.337172
133.0843	462.357024
134.0875	425.433263
135.0972	399.907174
136.1000	693.699563
137.1018	742.349890
138.0991	593.234507
139.0932	490.977672
140.0952	697.398249
140.9572	1644.359422
142.0957	219.531915
143.0139	364.532279
144.0192	249.889034
145.0982	346.848199
146.0973	303.348804
147.0923	294.045986
148.0995	531.748917
149.0918	489.553449
150.1068	456.303392
151.0951	442.677315
152.0991	446.058660
153.0927	463.530869
154.0930	378.708464
155.1105	320.046026
156.0878	235.878742
156.9568	1777.616652
158.0101	370.524870
159.0473	586.028846
160.0970	321.094731
161.0542	458.242831
162.1023	381.262942
163.0983	368.953888
164.1036	401.639604
165.1009	429.786795
166.1002	293.474729
167.0964	396.494407
168.0558	345.233279
169.0979	301.173627
170.0990	236.123627
171.0499	197.466198
172.0558	303.933863
173.0906	235.372745
174.0945	352.317286
175.0503	809.781296
176.1039	450.312546
177.0931	418.343441
178.1058	417.406075
179.1067	322.985246
180.0894	350.562345
181.0926	439.191817
182.1093	230.974951
183.1858	254.129641
184.1043	247.229259
185.1003	273.706145
186.0919	260.539129
187.0877	258.600453
188.1008	291.878514
189.1030	300.186710
190.0996	248.493921
191.1122	312.998503
192.1053	306.919929
193.1414	370.717521
194.0955	239.018152
195.1477	247.283645
196.1033	211.769197
197.0405	528.271256
198.0975	195.882946
199.0918	290.341178
200.0950	252.808763
201.0964	201.541108
202.0939	334.763944
203.1053	283.278768
204.1036	247.736286
205.1448	261.643070
206.1069	250.237663
207.1177	245.857906
208.1132	286.695522
209.1473	260.539018
210.1544	265.554104
211.1437	244.328437
212.1041	279.653223
212.9992	841.334221
213.7999	1252.814337
215.0984	508.982231
215.7959	2152.032892
217.1531	331.174226
217.8013	1061.078625
219.1583	463.610238
220.1478	247.235750
221.1495	300.508446
222.1141	194.908893
223.1476	250.145856
224.1098	250.442141
225.1071	207.155070
226.1485	213.021331
227.1048	180.451157
228.0957	186.484605
229.1083	198.896769
230.1139	148.150107
231.1101	213.719394
232.1541	203.246950
233.1524	189.421820
234.1507	188.015189
235.1498	227.357597
236.1467	205.910661
237.1162	227.764713
238.1454	178.718558
239.1547	404.317738
240.1139	260.314548
241.1052	175.548517
242.1541	281.177887
243.1481	203.129235
244.1492	192.489617
245.1176	174.805035
246.1175	157.759203
247.1516	175.515283
248.1513	181.652632
249.1132	198.139724
250.1496	198.953830
251.1181	224.231500
252.1144	194.363573
253.1005	191.474324
254.1111	159.679487
255.1518	133.743789
256.0994	125.874806
257.2008	152.932408
258.1534	158.179637
259.1901	145.985520
260.1557	200.957863
261.1898	224.166090
262.1533	203.399975
263.1518	222.136094
264.1099	212.983338
265.2108	368.931892
266.1995	227.523687
267.2475	1140.980601
268.1989	269.362419
269.1833	173.649534
270.2344	127.352662
271.1894	160.958273
272.1530	123.604578
273.1082	121.533526
274.1136	170.296232
275.1075	169.447534
276.1170	206.032605
277.2120	231.082177
278.1962	202.910139
279.2041	195.133239
280.1915	167.794084
281.2002	155.559503
282.1597	126.347712
283.1596	110.168555
284.1932	106.689711
285.2054	104.887791
286.1914	136.241737
287.1935	128.786546
288.1863	162.257622
289.1527	169.554461
290.1992	202.180832
291.2081	233.979986
292.2004	204.722469
293.3002	1709.022318
294.2516	418.422189
295.2973	1231.742322
296.2471	319.378726
297.2415	166.334186
298.1932	129.721919
299.1950	135.128340
300.1913	133.133297
301.3018	220.081202
302.2017	176.497434
303.3037	307.805710
304.2153	199.899549
305.3088	295.558376
306.2475	183.422417
307.2846	206.348552
308.1957	110.640080
309.2054	145.036682
310.2032	90.970975
311.2008	114.036481
312.1485	117.772519
313.2010	128.141540
314.1556	136.958522
315.1876	152.394969
316.1951	164.007984
317.3514	1275.923908
318.3009	368.167821
319.3504	1765.970779
320.3061	528.621584
321.3488	2060.160888
322.4316	535.704682
323.3072	456.502348
324.2177	215.988227
324.7458	261.703509
325.2735	205.125761
326.2682	162.410408
327.0395	154.137805
328.1929	118.336779
329.1947	130.574345
330.2011	100.610611
331.2093	164.818169
332.2074	124.267804
333.2912	201.971716
334.2086	144.386031
335.2126	219.698071
336.2451	124.004900
337.2433	148.680352
338.2461	124.439057
339.2525	117.741444
340.2069	122.140910
341.2399	140.853544
342.2524	107.495276
343.2582	147.775067
344.2433	124.485684
345.2578	159.653153
346.2366	114.175008
347.2535	133.279535
348.1969	128.025004
349.2854	118.331085
350.2015	108.741377
351.2551	125.529593
352.1892	116.113185
353.2189	95.934994
354.2898	100.499612
355.2610	151.247386
356.2373	128.114430
357.3000	175.882771
358.2467	117.890903
359.2942	223.409514
360.2437	139.448082
361.2922	509.193570
362.2095	196.238971
363.2937	579.305790
364.2045	191.696624
365.2826	278.414439
366.1947	122.840762
367.2593	91.712220
368.2545	82.476817
369.2032	109.191524
370.2014	89.488178
371.2030	103.638497
372.3675	99.125824
373.1665	113.885649
374.2438	103.330500
375.2968	138.176881
376.2062	114.241574
377.3369	134.504279
378.2536	123.359403
379.3007	142.228032
380.1993	116.555751
381.2434	148.157354
382.1653	114.702803
383.2371	105.189797
384.2550	106.057221
385.2907	366.798983
386.2836	163.077163
387.2936	831.218537
388.2923	270.495053
389.3019	980.845114
390.2847	279.226172
391.3005	590.318511
392.2940	175.911858
393.2888	173.696415
394.2533	100.727204
395.2919	87.435589
396.2541	80.499663
401.2491	102.742181
403.2949	108.313289
404.2998	91.534794
405.3553	95.396296
406.2452	87.263907
407.2965	108.322505
409.2905	83.715278
410.2823	82.856141
411.2174	97.614375
412.2051	93.757293
413.2907	82.811235
415.2922	95.050371
417.3022	92.259119
418.3050	89.943619
419.3014	117.393541
420.2473	86.087639
421.2921	112.259996
423.1620	80.991846
425.2068	83.027468
427.2937	93.567104
429.3976	426.942228
430.3577	173.839896
431.3909	427.537649
432.3473	187.942827
433.3472	143.611574
435.3352	92.239239
437.3000	99.940260
441.2867	81.115822
443.3036	109.446249
444.2942	85.214142
445.3417	125.401783
446.3632	118.213543
447.3064	101.111449
451.2934	82.039962
455.3322	90.164632
457.3957	305.980650
458.3558	151.514144
459.3955	321.761320
460.3529	128.620505
461.3466	116.729072
462.3487	90.147003
463.3483	92.315994
466.3420	80.740889
475.3563	80.486125
476.3015	82.736612
487.4407	116.873265
488.3622	88.265034
489.3990	130.373466
490.3981	96.593564
495.5981	100.920510
515.4410	110.475480
516.3973	86.270799
517.4575	109.100552
521.6500	106.609218
523.6353	124.390209
543.4154	85.003270
547.5867	92.247623
549.7271	156.433850
550.6397	103.929504
551.6047	129.461673
555.4497	88.441146
575.6684	107.656231
577.7434	191.053271
578.7837	113.761693
579.6484	86.494909
603.8610	104.958951
605.8345	172.237585
606.9050	80.159590
631.7476	91.918033
633.9597	85.856327
705.8958	189.166034
706.8994	104.344250
731.9403	187.821122
732.9422	88.912433
733.9513	527.503405
734.9548	272.312744
735.9080	124.673547
757.9796	84.811790
759.9957	591.449635
760.9617	329.572207
761.9979	639.135492
762.9926	296.591266
763.8913	132.328701
771.9879	146.286782
772.9511	98.349373
774.0317	80.098030
786.0300	440.189895
787.0019	226.819360
788.0399	1404.306629
789.0336	786.265229
790.0424	525.451172
790.9412	205.000335
797.9884	141.283587
798.9578	85.316437
800.0033	274.268175
801.0343	170.626065
801.9975	120.866113
804.6927	99.583488
812.0925	205.535052
812.9653	127.120345
814.0473	1141.946283
815.0485	661.047259
816.0899	1970.438429
817.0480	1106.234742
818.0088	513.616445
819.0436	189.467385
819.8875	83.839630
826.0396	196.719563
827.0405	127.865925
828.0471	220.590009
828.9981	117.337343
830.0373	131.551338
838.0891	94.344222
839.0123	84.572766
840.0923	455.036614
841.0579	266.218093
842.1293	1463.799593
843.0927	822.062978
844.1310	1379.419826
845.0985	737.743339
846.0589	305.531450
847.0281	104.653377
854.1316	108.423290
855.0522	80.629856
856.0497	120.585474
858.0462	89.949953
866.1371	133.308272
867.0162	95.618630
868.1359	390.750998
869.1050	247.560041
870.1436	770.308741
871.1017	415.339081
872.1448	366.375066
873.0797	185.499019
874.2312	83.138569
896.1341	116.577375
898.1433	153.716644
899.1017	85.539626
