15	26
100.7501	2705.835923
101.2988	2708.085377
102.2482	2802.004144
103.9693	6258.081748
104.6515	2861.892246
105.1429	2888.811942
105.9183	3220.794690
106.9020	4219.802296
108.6403	4023.690602
110.1928	2735.789994
111.1470	2144.315024
112.2429	2163.927181
113.2939	1941.656233
114.1414	1784.002452
115.5355	1722.665911
117.0945	1620.473472
118.0000	1557.691648
118.5981	1534.701241
119.2490	1532.447190
120.0998	1769.868537
121.0947	1766.349112
122.0976	1454.349376
123.0923	1521.212771
124.1092	1461.111925
125.0882	1352.538589
126.0926	1272.185805
127.1000	1281.897892
128.1967	1143.627315
129.2480	1134.604880
130.1456	1131.739202
131.1451	1087.738982
132.0960	1062.982785
133.0531	1073.258787
134.0933	1124.448468
135.0980	1104.290249
136.1480	1255.160132
137.1532	1300.742673
138.1884	1044.594655
139.2414	935.525710
140.1994	904.701986
141.1514	936.326208
142.1463	849.407981
142.7017	776.974232
143.2944	833.524689
144.1940	845.480762
145.1015	845.070293
146.1008	796.667576
147.0991	758.133177
148.0909	769.074460
149.1926	813.732089
150.1436	830.045012
151.1487	769.087436
152.2481	769.497354
153.1916	690.746719
154.0988	711.521714
155.1517	714.934442
156.1933	638.428790
157.1948	638.478798
158.1455	654.953001
159.0924	612.050868
160.1048	615.725572
161.1075	658.178943
162.0902	584.494243
163.0558	615.858251
164.0539	606.429524
165.1457	542.372596
166.1990	536.177744
167.1577	578.128977
168.0548	519.109509
169.0999	463.793347
170.1395	488.978594
171.1526	462.851309
172.1503	459.520338
173.1466	454.223333
174.1359	430.622334
175.0901	563.865773
176.1055	499.173168
177.1400	469.464008
178.1561	452.356292
179.0923	456.698105
180.1022	392.799004
181.1326	403.522609
182.1547	369.348167
183.1580	411.767997
184.1372	365.892050
185.1942	393.535134
186.1959	342.620411
187.0969	347.745675
188.1550	337.490949
189.1468	389.896199
190.0559	351.604616
191.0492	342.319995
192.0961	324.614629
193.0950	368.167941
194.1608	294.007552
195.1967	355.536756
196.1773	281.157052
197.1938	300.397676
198.1428	290.007351
199.1492	278.734268
200.1842	281.443323
201.1497	303.124791
202.1019	299.105070
203.0957	271.760275
204.1464	278.351147
205.1438	273.160398
206.1054	256.956882
207.0631	264.892685
208.0639	286.348771
209.1162	261.332496
210.1420	259.087237
211.1889	277.403923
212.1674	273.672949
212.9832	253.067988
213.8181	350.887730
215.0349	263.990342
215.7512	484.304362
217.1405	283.708874
217.9103	338.664704
219.1961	237.642818
220.1836	196.182553
221.1623	285.586222
222.1810	200.662913
223.1404	186.861482
224.1345	186.982469
225.1583	196.413294
226.1376	217.050290
227.1609	167.035141
228.1451	181.564619
229.1452	182.249553
230.1122	187.939244
231.1948	216.848552
232.1858	171.452329
233.1998	205.195633
234.1094	189.677477
235.0790	164.916522
236.2041	153.655309
237.2198	163.734235
238.1880	173.500962
239.1199	175.464643
240.2698	190.041438
241.0718	187.619506
242.1523	207.648224
243.1498	167.004052
244.1145	135.130574
245.1390	182.275035
246.1581	141.748124
247.1641	152.920338
248.1983	156.298992
249.2221	137.885432
250.1025	166.804177
251.1536	139.946670
252.0699	144.799581
253.1521	153.713540
254.1037	133.351864
255.1457	147.020319
256.1861	123.639928
257.2033	141.784225
258.0721	140.498917
259.2450	329.336781
260.2369	176.333298
261.2015	201.649865
262.1516	131.441716
263.2011	152.504885
264.1469	152.738535
265.1595	159.112969
266.1465	156.991492
267.2014	186.298099
268.2004	153.654084
269.1562	160.734456
270.0731	97.145636
271.0932	126.566291
272.0576	97.082180
273.0717	125.786149
274.1712	98.655439
275.1610	130.223719
276.1323	119.473023
277.1993	198.147864
278.2727	123.728370
279.1301	131.155187
280.1164	91.611342
281.1513	122.462830
282.1996	149.177254
283.2894	115.622833
284.2389	91.562328
285.2428	105.514989
286.1404	92.832829
287.1103	114.725192
288.1443	133.856726
289.1599	148.659130
290.1482	139.138849
291.2411	126.353029
292.2384	121.208876
293.2853	224.888999
294.1979	129.646966
295.2098	171.395708
296.2375	131.120730
297.1580	105.843506
298.0983	97.413711
299.1754	92.685925
300.1385	90.012872
301.1936	104.566863
302.1168	105.141893
303.1966	121.159369
304.2487	117.060311
305.2019	119.724539
306.2118	91.112816
307.2372	105.898283
308.2954	96.706520
311.3209	83.572115
312.2813	89.710861
313.1172	84.517736
314.2517	96.810238
315.1011	102.772665
316.2080	103.339820
317.3226	94.977573
318.2484	117.141560
319.2475	142.818740
320.1648	92.119152
320.6499	80.926110
321.2898	228.584715
322.2132	121.558113
322.7043	96.933151
323.1918	119.351431
324.2578	107.595032
324.6959	98.440742
325.1730	91.792628
326.1981	97.768962
327.2044	142.474069
328.1890	89.398039
329.1152	86.971068
331.2566	99.502747
333.2329	103.022648
334.2529	89.775897
335.2458	102.853302
337.2316	93.553852
339.1780	80.833472
340.2464	92.170368
341.1613	89.442127
343.1533	83.125534
345.2378	85.434915
346.1601	82.502247
347.2446	139.004034
348.2410	90.677784
349.2101	118.800747
350.1935	83.385115
351.2528	98.338460
353.1650	103.360338
355.2472	97.741572
356.2451	84.074905
357.2696	92.497644
359.2409	109.625082
361.2036	124.266415
362.1032	82.923263
363.1951	158.743491
364.1471	99.192885
365.2334	106.093945
367.2495	86.272810
369.2370	81.258785
370.2031	87.786255
371.2432	85.662842
372.2127	87.003997
374.2449	81.523846
377.2367	96.916007
379.2111	117.277619
381.2447	91.770931
387.1916	98.232341
389.2118	124.840492
390.2499	83.954115
391.2088	127.169161
393.1734	83.105574
401.2567	90.042252
403.2526	93.591591
405.3024	101.713715
417.2570	95.696048
419.2519	97.376361
421.2653	83.579906
429.2870	124.647425
431.2197	100.576089
432.2364	83.224922
445.2442	97.466664
447.2478	89.446560
459.2533	86.917887
466.2425	83.003026
521.4592	93.939455
523.3645	99.480710
549.5167	110.815867
733.6977	152.218043
734.6989	83.138993
759.7007	172.759868
760.7440	113.853931
761.7422	142.072443
785.7520	113.092764
787.7417	374.354074
788.7550	220.029467
789.7505	133.326119
799.7911	81.607722
813.7506	312.805668
814.7898	182.977954
815.7545	564.656458
816.7554	301.979075
817.7468	198.680683
818.7037	91.774822
839.7897	117.549146
840.8318	80.696707
841.7961	372.307350
842.7962	224.045109
843.8005	360.071663
844.8011	201.252883
845.7961	92.064628
867.8087	94.773703
869.7960	182.694568
870.8030	109.882552
871.8419	97.935794
