32	9
101.4344	1988.637427
103.9417	20137.582863
105.0097	2776.728534
105.9136	5069.715600
106.8462	6739.621788
107.8832	2368.437827
108.8464	6375.293530
110.0587	2131.058946
111.0309	1879.134685
112.0538	1594.202708
113.0296	1392.024785
114.0858	1038.153480
115.0413	1062.327821
116.0382	867.366235
117.0409	905.022581
117.9976	880.068825
118.9731	996.826470
119.9594	2654.648729
121.0088	1179.088069
121.9138	1286.177136
123.0502	951.460873
124.0528	859.593770
125.0013	1055.556366
126.0876	623.974976
127.0092	648.664551
128.0028	656.497846
129.0100	570.753146
129.9764	619.241379
130.9676	702.043551
131.9102	782.609021
133.0031	785.900931
133.9900	816.537519
135.0152	789.109523
135.9995	1052.630789
137.0538	1051.068092
138.0086	875.571070
139.0158	773.806935
140.0903	798.669875
140.9177	2007.427285
141.9578	511.801335
142.9201	694.693578
144.0012	560.625934
145.0526	594.869202
146.0541	521.076306
147.0554	620.125806
148.0815	616.088229
149.0548	745.205363
150.0180	638.298842
151.0814	666.693425
152.0126	642.282781
153.0847	664.876470
154.0897	546.900242
155.0985	561.280487
156.0410	451.720257
156.9522	1720.842198
158.0073	496.973199
159.0422	783.108496
160.0501	482.539888
161.0062	643.331264
162.0877	608.796602
163.0578	699.466623
164.0637	615.359654
165.0552	645.950320
166.0549	488.398100
167.0506	584.367856
167.9744	502.335358
169.0127	480.850909
170.0360	415.902624
171.0104	381.559465
172.0439	358.511312
172.9776	405.135059
174.0069	411.110774
175.0060	908.396776
176.0557	546.858605
177.0578	555.324407
178.0940	493.251266
179.0587	512.780072
180.0523	592.335854
181.0440	561.038842
181.9758	377.117714
183.1047	441.669872
184.0959	403.115111
185.0926	450.088615
186.0643	366.268865
186.9360	400.794585
188.0487	402.933750
189.0503	449.707797
189.9779	365.679153
191.0971	441.255975
192.0559	406.114103
193.0966	534.077038
194.0918	367.124692
195.1035	438.957408
196.0559	336.878120
197.0406	539.130679
198.0591	340.640390
199.0489	378.309973
200.0451	378.258900
201.0424	347.231627
202.0595	454.584062
203.0525	398.511154
204.0554	374.846445
205.1054	387.476455
206.0544	359.204030
207.0561	367.541286
208.1366	394.748412
209.1060	366.300324
210.0311	297.576652
211.1503	393.815582
212.0161	338.331298
212.9590	620.913634
213.7968	926.253411
215.0529	459.485274
215.7854	1613.757535
217.0991	350.932615
217.7954	859.836778
219.1056	452.404608
220.1029	279.169861
221.1012	347.955209
222.1006	273.785351
223.1079	305.086732
224.1011	268.908623
225.0625	235.297376
226.0935	304.186959
227.0916	251.819472
228.0834	256.616746
229.0932	245.396055
230.0925	226.038869
231.0956	227.350534
232.1113	257.150753
233.0981	237.105087
234.1093	225.199009
235.1007	296.902072
236.0901	232.973907
237.1047	294.323442
238.0933	245.694863
239.1454	515.702610
240.0973	275.960187
241.0562	226.908668
242.1081	250.607394
243.0924	225.092783
244.1078	231.727481
245.0965	217.991742
246.1018	216.374585
247.1422	239.467635
248.1013	199.688857
249.0954	207.334453
250.0926	222.817164
251.1057	271.481678
252.1021	229.508115
253.1000	242.908454
254.0939	222.889022
255.0613	152.409806
256.0980	199.990216
257.1521	198.634397
258.0543	157.927808
259.1157	234.672112
260.1129	255.447695
261.0987	242.654115
262.1041	239.978761
263.1109	275.915636
264.1045	235.053255
265.1880	500.095648
266.1111	277.269779
267.1954	1402.400964
268.1516	408.052431
269.1103	246.027600
270.0935	221.909216
271.0966	203.905577
272.0997	167.352136
273.1083	169.189426
274.0967	181.723437
275.0870	209.196166
276.1020	233.580824
277.1909	314.850924
278.1455	216.567465
279.2014	264.342970
280.1048	200.027853
281.1485	207.357979
282.1436	187.927185
283.1419	191.316131
284.1853	178.515804
285.1478	204.605405
286.1440	186.779865
287.1013	171.639535
288.1407	201.245716
289.1524	275.268684
290.1379	263.738743
291.1476	324.161935
292.1469	263.448807
293.2503	1967.467318
294.1934	520.762866
295.2488	1343.264613
296.1942	415.835172
297.1480	268.463010
298.1377	217.087028
299.1451	202.320924
300.1347	209.614006
301.2422	291.540924
302.1550	224.992503
303.2522	361.104135
304.1992	266.865806
305.2500	343.614140
306.1962	241.009855
307.1921	258.888413
308.1885	191.112780
309.1482	220.527639
310.1424	199.361256
311.1509	226.011762
312.1453	199.825420
313.1108	248.740517
314.1334	235.063853
314.9812	237.992975
316.2372	239.927884
317.3008	1338.450629
318.2511	446.342390
319.3003	2034.452295
320.2483	583.125893
321.2982	2261.843681
322.3251	589.529974
323.2177	473.320264
324.1737	231.611435
324.6536	233.013333
325.1765	236.164776
326.1774	213.026813
327.0979	175.340814
328.1418	169.121877
329.1429	168.086603
330.1612	172.271698
331.1952	239.187478
332.1516	169.920453
333.1899	239.342716
334.1903	179.426521
335.1815	269.678802
336.2306	145.162235
337.1466	192.561575
338.1462	114.293391
339.2292	162.889025
340.1847	156.269566
341.1908	185.941925
342.1422	153.529494
343.1903	176.159456
344.1500	153.642062
345.1950	182.153290
346.1953	139.055633
347.1937	168.280192
348.1548	157.022702
349.2475	156.412696
350.1073	130.664880
351.1970	181.923866
352.1485	159.879843
353.1143	146.486553
354.1511	123.258342
355.1935	168.215597
356.1860	119.607138
357.2054	188.192501
358.1550	146.119664
359.1978	244.281158
360.1521	119.598947
361.1603	573.071536
362.1535	182.703537
363.1643	704.202023
364.1136	222.513187
365.1557	338.000198
366.1957	147.283159
367.1951	147.171003
368.1512	133.368939
369.2315	114.859797
370.1866	130.886879
371.1478	120.119639
372.2245	98.515817
373.1541	125.735892
374.1470	120.623817
375.1586	133.809796
376.1546	132.956948
377.2035	183.030476
378.1892	109.975866
379.2300	139.764684
380.1979	108.641457
381.1829	145.749219
382.1058	112.676077
383.1435	129.656443
384.1936	90.179746
385.1633	391.156095
386.1551	158.373483
387.1654	866.398173
388.1967	284.266275
389.2362	1069.579559
390.1955	300.562099
391.2378	686.340467
392.1976	215.336104
393.2027	179.624629
394.2223	90.413944
395.1569	82.139599
396.1993	89.333625
397.1878	87.339578
399.1913	95.538535
400.1941	120.461059
401.1982	118.776485
402.1921	108.757392
403.1888	109.414832
404.1940	98.535706
405.2507	92.122669
406.1928	84.928352
407.2383	105.974317
409.1906	99.963593
410.1897	100.242125
411.1960	92.295715
412.1818	90.003031
413.1979	107.020243
414.1947	98.121838
415.1880	104.133720
416.1916	95.161977
417.2080	102.843721
418.1656	97.397993
419.2393	123.114363
420.1851	99.957328
421.2012	119.015922
423.1949	86.764701
424.1975	107.252655
425.1375	95.884646
426.1610	95.553634
427.2358	109.565690
428.2013	85.753375
429.2980	384.180805
430.2815	162.366793
431.2962	373.101824
432.2881	145.158201
433.2536	143.474764
434.2420	99.098803
435.2518	117.687928
436.1910	99.502954
437.1975	99.652008
438.2422	87.502056
439.2013	92.535132
440.2014	94.934227
441.1984	88.371373
442.2368	103.503310
443.1638	98.712976
444.1553	112.176202
445.2420	130.519280
446.3095	105.282234
447.2438	113.798161
448.2053	94.432211
449.2455	93.526944
450.2327	93.460086
451.2820	92.988317
452.2008	89.427737
453.2009	91.925320
454.1652	85.794611
455.1972	96.783752
456.2537	81.841924
457.3459	286.907119
458.2463	143.344671
459.3085	307.916062
460.2909	146.621161
461.2596	146.335702
462.2479	81.826214
463.2039	103.929025
464.1951	100.489914
465.3221	89.706681
466.2867	80.856464
467.3167	111.766779
468.2133	97.562355
469.2308	90.068519
471.2573	93.226512
472.2442	93.308239
473.2577	96.004439
474.2669	90.444436
475.2853	94.894369
476.2415	93.899107
477.1934	93.989897
478.1612	81.349738
479.2809	80.503844
480.2102	83.668173
481.2935	82.643000
482.2493	88.809099
483.2374	97.113366
485.2451	95.143242
486.2437	100.593031
487.3513	129.123485
488.3352	98.795605
489.3954	134.914252
490.3140	94.548444
491.2498	100.134142
493.3100	90.858155
494.2707	88.782407
495.4099	145.484938
496.3747	95.893495
497.2565	89.066584
498.3195	85.483705
499.1731	91.945111
500.2130	81.557789
502.2814	85.624160
503.2633	90.969516
504.2468	84.463808
505.2176	87.320216
506.2117	80.043742
507.2472	80.573118
508.2145	80.323812
509.2458	83.431448
511.1612	87.158876
514.2176	80.732868
515.3667	113.633653
516.3313	99.225736
517.3559	122.088635
518.3563	105.229059
519.3567	92.955401
521.5077	131.127037
522.3599	85.249627
523.5117	175.788675
524.3757	90.834802
547.6310	86.434431
549.5512	202.846930
550.5491	136.875676
551.5887	187.586084
552.4942	85.097826
554.2963	80.566361
555.3592	81.669588
556.2925	82.594319
575.5988	103.919607
577.6118	271.939509
578.6016	147.256987
579.6793	103.236308
603.6426	155.672233
604.5069	90.561526
605.6532	241.244890
606.6566	128.075074
631.6902	136.518016
633.6956	146.303501
705.7943	325.934377
706.7973	150.131549
717.7642	83.229383
731.8015	302.824856
732.8071	147.776904
733.8412	923.917379
734.8484	438.407531
735.8082	177.086723
743.8365	92.629553
745.8478	107.185987
757.8520	103.476146
759.8498	939.308483
760.8551	545.365845
761.8549	980.594030
762.8585	487.454414
763.8895	186.931632
766.6887	84.632656
769.8380	80.221184
771.8502	207.155355
772.8090	127.214477
773.8046	110.881747
783.8455	83.315393
785.8936	603.230745
786.8929	362.930284
787.8955	2190.367821
788.8987	1239.376401
789.9023	798.183410
790.8545	336.764829
791.8567	117.910538
797.8489	185.836387
798.8473	97.122851
799.8929	309.773146
800.9001	209.661174
801.8886	183.695786
804.5992	138.267737
805.5525	90.991701
811.9040	345.176164
812.9023	197.610836
813.9023	1754.841116
814.9458	1031.711476
815.9463	2987.926945
816.9475	1611.832700
817.9450	793.547795
818.9141	277.454841
819.8854	108.501501
825.9097	232.469512
826.9004	165.226701
827.9132	312.949265
828.9452	147.256270
829.9080	183.817102
830.9542	91.174881
837.9483	139.565504
838.9647	86.403526
839.9488	682.923158
840.9883	396.029518
841.9526	2102.768233
842.9900	1224.002321
843.9882	2005.206533
844.9921	1064.724103
845.9924	462.885446
846.9513	154.877925
853.9980	163.377348
854.9632	106.646137
855.9915	168.223434
857.0340	95.125735
857.9466	110.810875
865.9494	176.555628
866.9579	132.689997
867.9920	537.843247
869.0036	342.903219
870.0055	1091.635963
871.0111	628.638407
872.0032	571.982293
873.0043	284.532325
873.9979	111.657914
894.0336	86.161763
895.9996	171.187663
897.0836	119.010501
898.0521	220.135827
899.0869	135.665838
900.0444	86.144714
