29	17
100.2511	1037.438104
101.9041	2734.250665
102.8636	4959.864703
103.9502	30794.468972
105.0964	4751.208299
106.0108	14357.217807
106.6572	1642.744526
107.1731	2119.188150
108.0283	2148.040795
109.1179	1493.769764
110.1941	2594.667879
111.1861	2249.650165
112.1556	1137.337906
113.0671	1223.213208
114.0969	455.156481
115.0566	512.525391
116.1452	353.328844
117.1846	416.473301
118.1468	484.069989
119.1553	668.280526
120.0542	6715.423364
121.1148	1194.564739
122.1021	2430.716326
123.1903	946.052038
124.1973	1235.789488
125.1110	1342.360755
126.1981	478.073852
127.1960	576.188198
128.1951	447.877477
129.2014	354.248844
130.0575	499.913382
131.1624	504.197931
132.1513	458.348892
133.1896	463.954247
134.1892	504.034747
135.2048	544.620331
136.1607	1133.336241
137.1947	1085.358321
138.1945	1139.111807
139.1995	998.028972
140.1979	1405.365640
141.0429	3817.599060
141.6999	215.531130
142.1920	380.732914
143.0889	734.812887
144.1514	409.637835
145.1669	964.766459
146.1986	437.869106
147.1944	470.556474
148.1686	859.510314
149.1616	760.350774
150.2341	757.565448
151.2018	815.698662
152.1985	748.790653
153.2329	916.388382
154.2044	573.655854
155.2408	396.363996
156.1973	269.041851
157.0538	958.875304
158.1532	488.523321
159.1461	798.818819
160.1962	423.093084
161.1599	614.432353
162.1947	476.523656
163.1996	564.389429
164.2348	635.814472
165.2414	721.921283
166.2433	506.599401
167.2383	710.268867
168.1982	480.851256
169.1977	510.965907
170.1976	323.479083
171.2005	346.796272
172.1609	332.679873
173.1581	340.459191
174.1620	466.135387
175.1498	1747.452945
176.1978	665.832679
177.1622	743.264766
178.2348	723.420565
179.2424	617.700141
180.2060	571.811390
181.2038	714.197998
182.2431	380.761106
183.2065	286.460488
184.1945	310.208032
185.1608	391.687471
186.1970	321.795354
187.1618	387.221205
188.2367	392.068425
189.2334	471.975269
190.2340	434.800243
191.2413	656.274998
192.2433	570.785525
193.2413	774.895057
194.2412	486.569060
195.2453	537.398843
196.2047	426.368895
197.1143	417.423795
198.2056	280.706364
199.1986	269.257445
200.1963	312.501487
201.1995	333.049748
202.2022	458.525976
203.2406	521.678569
204.2367	431.562696
205.2423	481.362799
206.2433	427.986148
207.2503	648.510823
208.2516	640.107249
209.2554	507.312761
210.2509	441.229837
211.2456	242.287399
212.2026	291.291603
213.0931	405.178837
214.2029	291.884497
215.1882	329.215014
216.2081	344.649173
217.2062	392.034622
218.2466	334.814923
219.2445	2614.389785
220.2107	457.724453
221.2513	731.407219
222.2482	399.896261
223.2478	482.206690
224.2464	557.172277
225.2447	283.976877
226.2484	397.317782
227.2079	256.759907
228.1961	310.525563
229.2127	257.391605
230.2073	314.949374
231.2445	379.119487
232.2469	600.353823
233.2471	420.863595
234.2513	459.179112
235.2550	460.056000
236.2496	374.287016
237.2512	386.772650
238.2512	282.327823
239.3330	884.280370
240.2505	327.220468
241.2128	242.011170
242.2484	540.461832
243.2499	301.334998
244.2474	580.300808
245.2492	372.020000
246.2517	416.687150
247.2538	398.946538
248.2542	361.246195
249.2572	376.874368
250.2578	432.289646
251.2581	326.670788
252.2600	346.950077
253.2543	264.266782
254.2173	214.672476
255.2098	178.553912
256.2098	152.086178
257.2501	197.896983
258.2475	207.504682
259.2616	422.984049
260.2574	432.824354
261.2629	595.958131
262.2543	439.236819
263.2621	471.539046
264.2558	440.359345
265.3440	665.860019
266.2944	417.459109
267.3527	1896.140460
268.3066	489.426762
269.2860	290.613112
270.2144	225.430034
271.2868	226.386328
272.2832	180.056734
273.2481	221.018698
274.2572	230.752877
275.2936	293.023239
276.2536	332.292495
277.3033	412.117076
278.3345	423.481263
279.3405	349.849871
280.2925	299.514255
281.2950	280.520065
282.2578	237.673795
283.2566	184.141250
284.2522	161.924770
285.2518	185.755179
286.2848	202.761167
287.2577	274.424613
288.2940	267.941182
289.2558	295.560530
290.2575	371.435759
291.2965	372.201009
292.3075	375.579260
293.3646	2585.027546
294.3522	673.252241
295.3665	1643.980855
296.3465	441.927565
297.3050	268.321766
298.2905	219.291822
299.2928	204.353371
300.2542	202.920774
301.3081	211.031240
302.2963	336.248664
303.3981	524.325529
304.3421	407.406960
305.3566	492.043841
306.3064	377.182365
307.3475	508.378545
308.3097	281.387083
309.3450	302.795857
310.3045	200.180163
311.2913	198.098356
312.2981	205.050503
313.2665	275.017632
314.2523	234.491479
315.2552	250.860516
316.2958	366.427499
317.3672	1282.927829
318.3481	574.480653
319.4363	4756.475170
320.3914	1203.060597
321.4397	3646.990206
322.3880	895.203102
323.3611	659.904091
324.3127	315.906996
325.3088	260.736217
326.2513	186.382884
327.3023	201.949499
328.3011	201.546711
329.2948	178.918791
330.3030	229.650205
331.3440	328.165773
332.3107	285.367140
333.3598	613.226593
334.3460	353.567750
335.3996	1191.842563
336.3531	417.719559
337.3575	363.708352
338.3491	207.356475
339.3501	208.595446
340.2947	203.632734
341.3824	230.504337
342.3403	209.403454
343.3054	204.242213
344.3018	216.857529
345.3075	215.864882
346.3393	218.151232
347.3522	263.226810
348.3480	213.831968
349.4051	465.017072
350.3886	260.361528
351.3539	569.921479
352.3108	245.590486
353.3455	226.005871
354.3096	188.926983
355.3497	201.641295
356.3102	158.031437
357.3551	399.724537
358.3090	236.079494
359.3551	436.099018
360.3490	224.787212
361.3529	272.875151
362.3508	214.804218
363.3548	274.357588
364.3112	182.825490
365.3928	313.923426
366.3538	192.599011
367.3990	215.770023
368.3145	166.000607
369.3890	195.808210
370.3418	138.599351
371.3492	147.238188
372.3485	153.024616
373.3506	211.101593
374.3126	169.055626
375.3902	211.796326
376.3867	176.568799
377.3946	280.474293
378.3859	187.565390
379.3633	400.308516
380.3521	197.328520
381.3453	313.115977
382.3099	150.421056
383.3054	154.172710
384.3123	138.550784
385.3471	142.070824
386.3475	145.982695
387.3483	160.881200
388.3493	147.622363
389.3908	219.103920
390.3546	186.718192
391.3951	240.069099
392.3906	170.775341
393.4072	256.248236
394.3926	150.693703
395.4095	196.552092
396.4033	142.975439
397.3958	150.839275
398.3933	140.023233
399.3861	135.276835
400.3865	135.546341
401.3883	164.806590
402.3812	131.210930
403.3939	196.641732
404.3907	176.006074
405.4008	233.007585
406.3982	166.188453
407.4452	214.479174
408.4415	160.837640
409.3954	148.546196
410.3907	133.885754
411.3553	144.468963
412.3546	118.735587
413.3952	141.108979
414.3869	121.306234
415.3852	120.953087
416.3965	129.861644
417.4032	161.646744
418.3970	152.756031
419.3636	264.555859
420.3602	190.973268
421.3989	247.567879
422.3921	161.180682
423.3883	156.502549
424.3998	112.178938
425.3874	131.900861
426.3893	109.683252
427.3551	182.953878
428.3891	118.454593
429.3975	198.456088
430.4113	135.596227
431.4490	144.573236
432.4019	137.879430
433.4836	167.871250
434.4457	163.897808
435.4473	171.561813
436.4070	154.611088
437.4058	153.946054
438.4430	131.206568
439.4894	113.641129
440.4328	117.599614
441.3909	124.874833
442.3908	116.198441
443.3878	122.313569
444.3969	116.969512
445.3674	360.269730
446.4020	202.704455
447.4075	179.922303
448.4520	171.773989
449.4951	177.135325
450.4869	148.733015
451.4130	133.798565
452.4034	137.131967
453.4170	147.610923
454.4075	112.450328
455.4056	124.351747
456.4487	120.753720
457.4463	124.800620
458.4017	113.712581
459.4484	99.620189
460.4488	142.090772
461.4898	142.899724
462.4481	151.091350
463.4498	151.332409
464.4510	153.325981
465.4858	127.738040
466.4445	126.943374
467.5041	170.879060
468.4944	129.008038
469.4862	121.322608
470.4493	106.875129
471.4402	110.648292
472.4485	122.874437
473.4471	127.318579
474.4808	123.027028
475.4481	125.651864
476.4837	127.323315
477.4944	117.555411
478.4870	117.224298
479.4915	121.500335
480.4504	102.468313
481.4549	97.057546
482.4437	90.398801
483.4044	97.419935
484.4427	106.947309
485.4492	104.688270
486.4140	111.319153
487.4519	110.204638
488.4859	126.099949
489.4879	121.240574
490.4906	118.536242
491.4911	119.980286
492.4967	118.509393
493.5388	115.299856
494.4640	99.113734
495.5847	174.211960
496.5143	135.646317
497.4918	111.580690
498.4940	100.135856
499.4806	96.805926
500.4586	108.368097
501.4859	124.043167
502.4954	127.500156
503.5087	139.020890
504.4994	129.017088
505.5030	175.827384
506.5321	115.580557
507.5504	124.711066
508.5391	105.454304
509.4919	102.395424
510.4563	103.337960
511.4511	106.399743
512.4917	114.903569
513.4856	120.298139
514.4895	105.983918
515.4983	83.350378
516.5294	83.919414
517.4750	86.006781
518.4994	115.572320
519.5025	151.369837
520.5423	103.922905
521.6046	205.930556
522.5527	136.725877
523.6431	553.551525
524.6055	253.360009
525.5492	131.010115
526.5430	107.769905
527.5298	94.673825
528.4949	100.738273
529.4981	101.650073
530.5455	96.829623
531.5589	112.279161
532.5415	105.839209
533.5969	160.677637
534.5931	111.616841
535.5629	134.275431
536.5468	124.921152
537.5560	109.278178
538.5406	100.103894
539.4915	87.176132
540.5041	82.953860
541.4955	93.268673
542.4982	114.738855
543.5482	145.748271
544.5520	119.148954
545.5862	110.930291
546.5837	106.562054
547.6404	159.976212
548.5907	142.213049
549.6534	450.103082
550.6139	244.221333
551.6631	685.580272
552.6566	281.254521
553.5911	189.705325
554.5613	117.575201
555.5491	205.980112
556.5529	136.625600
557.5892	122.645216
558.5590	103.476639
559.5948	132.064558
560.5935	109.136338
561.6566	141.248485
562.6091	94.984078
563.6087	131.193159
564.5969	110.217127
565.6009	104.660271
566.6003	94.805607
567.5436	82.351341
569.5599	99.494588
570.5993	95.824130
571.6378	113.605989
572.6480	104.400082
573.6471	114.448305
574.6580	102.839502
575.7006	246.926105
576.6178	174.581251
577.7368	720.232998
578.6983	356.796070
579.7006	383.631165
580.6976	171.450121
581.6386	117.682367
582.5562	80.640067
585.5605	93.145296
587.6992	112.641185
588.6469	106.706659
589.6628	123.987712
590.6438	111.949605
591.6465	123.247838
592.6427	86.409420
599.6036	93.060603
600.6750	88.687881
601.6595	125.261417
602.6117	88.246322
603.7445	382.876061
604.7061	195.345808
605.7520	648.596914
606.7492	318.252745
607.7094	214.709906
608.6938	100.568388
614.6036	85.010591
615.7330	89.502246
617.6981	90.841632
619.6607	81.284184
629.7092	134.065819
630.6545	106.055441
631.7580	273.787104
632.7141	147.858831
633.7627	315.675830
634.7530	137.893010
635.7004	85.594970
648.5541	183.138721
649.5950	87.474746
677.8413	173.243513
678.8411	96.491150
689.8107	94.169793
703.8602	304.090335
704.8503	168.984899
705.8628	1929.493238
706.8667	918.770332
707.8610	354.059774
708.7948	119.477004
715.9010	134.571735
716.8144	123.866490
717.9044	296.742403
718.8965	181.239531
719.8922	180.471706
720.8478	96.763576
729.8932	162.974418
730.8988	115.012416
731.9362	1697.867683
732.9435	889.527631
733.9398	4853.957330
734.9462	2488.185582
735.9399	1049.544496
736.8931	303.216662
737.7503	86.294391
741.5300	95.786019
742.7986	108.209115
743.9383	218.312737
744.9570	163.154941
745.9525	383.092380
746.9464	203.035327
747.9426	286.408904
748.8992	169.759508
749.8947	95.035298
751.7971	80.812840
755.8574	95.741732
757.9462	632.491837
758.9508	364.172900
759.9526	4067.988565
760.9549	2262.976396
761.9565	5090.667097
762.9571	2569.491678
763.9566	1015.633404
764.9101	340.872257
765.7974	105.625975
766.7301	93.984305
767.7455	92.128501
768.8467	110.448508
769.9495	192.746561
770.9053	119.982942
771.9924	383.808689
772.9982	247.297755
773.9909	332.533038
775.0392	182.813526
775.9936	217.689096
776.9459	127.264761
777.9136	95.265662
783.9584	317.569580
784.9972	181.610852
785.9616	2071.881928
787.0028	1260.227263
788.0030	7009.325842
789.0021	3896.498066
790.0371	3068.813301
791.0023	1306.093459
791.9953	492.680486
792.8525	183.476289
793.8132	132.471212
794.6559	124.896181
795.3922	130.974195
796.1963	135.610739
796.9578	157.271040
798.0030	330.123547
799.0493	220.501614
800.0452	590.725551
801.0092	350.742162
802.0062	466.390654
803.0023	240.995076
803.9659	193.907530
804.9566	112.612411
805.9499	83.286647
810.0031	157.444564
811.0562	130.833640
812.0414	1021.306149
813.0466	639.120516
814.0430	4946.249412
815.0486	2951.973308
816.0526	7774.007258
817.0514	4718.428969
818.0477	2319.258472
819.0489	921.559195
819.9936	355.021538
820.8417	179.707212
821.7569	153.541431
822.6045	132.719275
823.3766	104.166606
824.1744	136.484382
825.0580	109.510284
826.0943	362.883056
827.0421	240.658396
828.0535	496.259411
829.0934	309.046594
830.0534	420.756568
831.0865	223.382285
832.0114	142.329009
832.9743	87.987139
833.8557	80.727131
835.9530	91.700145
838.0495	385.253831
839.0885	285.683340
840.0577	1913.112643
841.0963	1137.710791
842.0931	5179.819426
843.0978	3022.959058
844.0966	5201.682630
845.0994	2836.401647
846.0993	1242.629564
847.0539	444.535972
848.0010	169.796559
848.8915	108.094343
849.8409	91.045533
852.0118	113.596998
854.1099	220.491258
855.1041	156.965289
856.0948	290.775093
857.1040	183.922718
858.0989	260.139973
859.0939	129.792393
866.0981	396.758567
867.1062	273.954016
868.1375	1314.719863
869.1432	783.931370
870.1437	2396.207104
871.1492	1340.299727
872.1475	1321.181066
873.1460	658.064489
874.1094	282.539370
875.0501	89.372316
884.1648	84.547240
894.1152	141.721433
895.1491	115.574254
896.1556	351.233902
897.1484	216.529110
898.1587	502.522278
899.1978	239.024337
900.1554	167.635454
